8
Grid:
20,20
.....@.......@....@@
.@...........@......
@.......@...........
.....@...@....@.....
....................
....................
...........@..@.....
....................
.........@.........@
....@....@..........
........@...........
....................
.....@........@.....
...................@
......@..@........@.
.....@...@...@..@...
@..@.......@........
.@....@...@.....@...
..@..@....@.......@.
@...................
Agents:
70
0,10,15,6,2
1,0,11,9,0
2,11,0,9,17
3,10,13,16,6
4,7,12,10,19
5,11,13,19,4
6,19,10,16,8
7,4,11,16,16
8,6,9,19,6
9,3,1,11,18
10,4,2,19,1
11,7,14,16,15
12,4,17,1,19
13,12,11,9,5
14,9,1,15,4
15,1,4,10,0
16,5,8,6,12
17,9,8,10,6
18,8,13,5,4
19,6,3,18,4
20,1,8,13,15
21,9,6,1,15
22,10,6,7,19
23,2,3,1,16
24,19,19,6,18
25,11,18,18,19
26,3,16,19,13
27,1,15,3,18
28,1,18,10,17
29,9,16,11,3
30,5,16,11,16
31,1,17,0,17
32,1,10,8,17
33,15,0,9,10
34,5,17,9,14
35,7,6,5,2
36,13,9,8,3
37,0,12,1,10
38,13,6,2,3
39,4,13,16,5
40,12,15,17,3
41,2,2,7,16
42,16,14,3,17
43,0,6,4,2
44,1,2,7,8
45,18,11,12,8
46,12,10,18,12
47,17,4,4,13
48,6,15,16,17
49,5,15,10,13
50,2,18,5,7
51,11,8,15,0
52,4,6,9,11
53,14,13,14,16
54,1,12,12,7
55,6,2,12,4
56,5,11,16,13
57,19,2,17,15
58,9,19,14,8
59,2,14,1,17
60,9,17,17,19
61,4,7,10,2
62,17,9,12,6
63,14,0,4,9
64,11,1,5,0
65,17,12,5,15
66,13,8,18,9
67,12,19,11,12
68,17,13,10,15
69,8,4,19,11
