4
Grid:
20,20
.......@.....@..@..@
............@.@..@..
...................@
.@....@....@........
...@..........@.....
....................
.....@..............
...................@
.........@....@.....
.......@......@.....
..@.@.....@.........
.....@............@.
..........@.........
.........@.....@.@..
..@........@@.......
....................
@........@@@........
..@.................
...............@....
....@......@..@.....
Agents:
66
0,3,14,10,5
1,6,12,1,4
2,0,10,4,10
3,15,9,4,12
4,18,8,17,16
5,3,9,3,5
6,14,7,5,10
7,13,5,2,13
8,1,15,13,4
9,5,1,11,10
10,4,16,12,17
11,0,15,10,7
12,5,4,2,8
13,16,6,4,8
14,19,5,7,12
15,8,6,0,3
16,1,3,13,7
17,14,1,6,13
18,12,1,14,19
19,1,16,7,11
20,7,2,12,11
21,9,18,7,5
22,18,11,15,15
23,9,10,16,7
24,12,4,9,2
25,5,14,3,10
26,3,13,17,5
27,11,16,11,2
28,10,8,7,15
29,19,6,12,16
30,4,18,9,12
31,5,2,9,15
32,7,13,12,15
33,19,3,2,9
34,12,9,16,13
35,14,8,15,9
36,11,2,4,2
37,17,13,9,3
38,17,0,10,1
39,7,16,12,13
40,17,11,18,6
41,10,5,9,11
42,17,18,1,0
43,9,6,10,16
44,0,12,10,17
45,17,3,8,7
46,17,6,3,0
47,12,5,13,5
48,10,16,7,9
49,3,0,0,18
50,16,17,1,10
51,19,9,13,2
52,1,2,12,7
53,9,12,3,16
54,8,0,9,6
55,5,7,8,5
56,15,0,15,2
57,13,6,11,8
58,8,1,17,18
59,11,7,15,11
60,4,8,0,17
61,4,11,19,12
62,14,0,8,16
63,16,16,19,19
64,2,12,6,6
65,6,10,5,12
