7
Grid:
20,20
..........@.@...@@..
.....@...@....@..@..
........@..@........
..@..@.............@
...............@....
.........@........@.
....................
....................
@..@................
....................
.......@............
@...................
....@...........@..@
......@......@......
.@..@........@......
.....@.....@.......@
.@....@.........@...
..@.................
....@.@......@......
.....@..........@...
Agents:
70
0,14,15,11,10
1,19,7,5,7
2,6,9,14,11
3,17,14,2,18
4,16,5,5,12
5,18,16,14,10
6,19,15,10,1
7,5,8,7,8
8,17,10,4,19
9,12,17,8,10
10,17,15,18,16
11,7,12,6,6
12,11,17,7,4
13,0,4,8,8
14,12,13,18,11
15,6,7,10,13
16,3,13,0,2
17,0,13,2,3
18,6,10,6,10
19,8,18,9,7
20,7,6,8,2
21,1,7,15,16
22,4,16,8,4
23,5,14,1,15
24,2,15,13,10
25,5,4,13,11
26,18,3,3,10
27,17,19,5,4
28,13,11,12,18
29,13,4,14,9
30,10,14,13,5
31,2,6,11,12
32,14,12,7,14
33,2,7,18,0
34,2,14,11,11
35,9,10,4,17
36,14,19,16,18
37,8,15,9,3
38,12,5,7,9
39,2,16,12,8
40,8,1,1,12
41,6,5,3,6
42,14,17,6,15
43,13,12,6,1
44,12,8,12,14
45,13,17,5,3
46,14,18,6,0
47,0,9,10,4
48,7,8,6,4
49,9,0,17,4
50,5,2,3,17
51,7,7,3,9
52,9,16,0,0
53,15,8,15,17
54,7,16,19,3
55,19,9,11,7
56,15,13,15,10
57,9,14,2,4
58,16,17,7,16
59,1,13,14,12
60,5,13,5,2
61,3,11,8,15
62,18,18,15,15
63,7,10,11,1
64,6,17,12,1
65,1,8,2,12
66,2,17,7,17
67,6,2,16,3
68,10,3,5,5
69,17,13,16,8
