0
Grid:
20,20
.........@..........
.............@......
..............@.....
.@.@.............@..
...@........@.......
.....@..............
...............@.@..
.@...@@........@....
.@..@..@@@..........
..@........@.....@..
...........@........
....................
.........@.....@....
.......@.........@..
.............@......
.................@@.
..............@....@
.@..@....@..@.......
..................@.
....@............@..
Agents:
68
0,3,5,4,7
1,10,8,7,18
2,13,16,8,15
3,17,10,18,5
4,0,11,12,7
5,19,0,16,10
6,5,13,16,16
7,0,12,18,0
8,5,16,16,0
9,8,3,10,8
10,1,3,12,1
11,1,9,11,6
12,11,11,8,13
13,12,5,1,5
14,17,8,6,18
15,19,15,5,11
16,17,5,10,18
17,6,1,1,3
18,11,4,3,4
19,9,10,7,16
20,18,9,0,15
21,19,3,17,10
22,5,4,13,4
23,11,16,11,9
24,7,4,2,11
25,0,0,16,8
26,6,13,12,14
27,1,1,8,18
28,8,5,17,8
29,14,11,17,0
30,4,2,3,8
31,6,18,3,12
32,5,11,17,17
33,1,18,19,2
34,11,8,19,6
35,4,15,16,1
36,1,10,2,10
37,18,16,14,0
38,0,16,9,0
39,15,3,16,4
40,6,8,15,15
41,14,1,18,6
42,17,13,0,3
43,2,1,4,19
44,1,12,4,13
45,14,7,11,16
46,2,13,1,16
47,3,9,19,1
48,9,7,9,5
49,10,5,9,8
50,3,16,7,10
51,14,19,0,4
52,12,3,5,3
53,18,10,11,0
54,9,0,14,4
55,18,19,15,11
56,10,2,11,10
57,14,16,1,12
58,16,4,18,13
59,19,6,17,19
60,17,7,15,16
61,18,3,3,19
62,17,0,4,17
63,4,16,5,10
64,13,10,10,1
65,3,13,8,3
66,8,2,6,0
67,15,12,19,8
