8
Grid:
20,20
........@...@.....@.
.....@......@.......
................@...
........@@....@....@
.................@..
....................
....................
...............@....
@...........@......@
......@...@......@@.
@......@............
..........@.........
@.........@.........
................@...
...................@
@.........@.........
....@@@......@......
........@..@...@...@
.................@.@
...@.......@........
Agents:
60
0,13,5,0,19
1,9,1,13,12
2,13,9,17,16
3,10,11,6,5
4,1,8,4,6
5,15,18,9,14
6,19,9,10,9
7,7,19,14,12
8,0,6,14,1
9,10,8,5,17
10,7,13,14,8
11,10,18,6,13
12,6,8,12,2
13,9,4,17,9
14,4,1,5,15
15,18,14,11,6
16,19,8,16,3
17,7,3,16,2
18,8,7,6,15
19,6,0,7,1
20,0,10,19,6
21,4,18,10,14
22,19,6,19,8
23,5,4,0,10
24,18,16,4,7
25,11,15,0,16
26,2,1,9,1
27,1,10,13,19
28,18,10,15,7
29,14,7,13,4
30,14,4,12,11
31,12,17,0,1
32,7,6,1,13
33,19,19,12,17
34,4,11,1,17
35,11,5,13,9
36,6,11,0,7
37,5,17,18,1
38,15,13,8,2
39,16,3,14,6
40,17,12,10,16
41,0,17,6,6
42,2,18,7,11
43,8,18,9,7
44,4,19,12,13
45,6,15,6,12
46,6,1,11,12
47,5,18,8,13
48,11,19,15,11
49,3,16,2,18
50,13,1,1,14
51,3,7,5,10
52,4,16,19,4
53,1,0,0,5
54,16,9,15,4
55,10,6,14,18
56,6,12,17,18
57,19,12,12,7
58,19,0,8,6
59,5,3,8,9
