8
Grid:
20,20
..@.........@......@
....@..@............
.....@..............
......@.....@.....@.
.....@.........@....
........@@..........
............@.......
....@.......@.......
........@...........
....................
........@..........@
....................
...........@.....@..
...@.......@@.......
@....@..@........@..
....@...........@...
..@.....@...........
@.@.....@......@..@.
@...................
........@@..........
Agents:
64
0,2,18,15,5
1,8,11,15,8
2,13,19,11,14
3,13,8,3,11
4,7,13,19,17
5,8,2,0,6
6,8,0,18,17
7,13,6,3,13
8,10,3,3,16
9,15,0,19,1
10,14,16,12,14
11,10,13,5,1
12,4,9,3,1
13,1,2,6,16
14,11,14,11,0
15,8,9,10,15
16,14,4,2,8
17,5,16,5,2
18,0,14,13,18
19,15,15,10,18
20,2,19,4,13
21,17,19,16,9
22,15,13,18,13
23,0,16,5,13
24,8,6,10,14
25,13,5,2,13
26,18,5,4,12
27,7,14,18,11
28,18,11,8,14
29,16,12,10,5
30,5,19,8,3
31,8,3,16,17
32,15,17,16,19
33,6,16,0,0
34,7,0,19,3
35,18,14,18,15
36,19,10,9,18
37,18,10,8,17
38,9,4,6,14
39,15,8,13,1
40,6,19,11,6
41,9,6,5,0
42,6,11,7,16
43,17,10,7,18
44,3,4,1,14
45,14,15,11,15
46,1,11,3,2
47,0,3,18,2
48,8,13,12,4
49,7,3,7,0
50,17,11,8,12
51,18,13,12,6
52,4,19,13,9
53,10,16,15,12
54,2,7,8,15
55,11,15,12,8
56,5,12,5,10
57,3,2,17,6
58,4,10,11,2
59,3,1,13,13
60,1,3,10,6
61,10,10,19,7
62,12,12,7,3
63,5,0,18,10
