8
Grid:
20,20
@.........@.........
...@...........@....
.............@......
................@...
.....@.....@.....@..
...............@....
@....@.@.@.........@
..@.........@......@
.................@..
.......@..........@.
........@@.........@
.@.................@
@.@.............@...
..................@.
.......@..@...@...@@
....@.......@.......
......@........@....
....................
....................
................@...
Agents:
56
0,12,14,4,7
1,16,14,12,1
2,7,15,15,17
3,10,17,7,17
4,11,17,1,8
5,9,14,10,11
6,4,16,7,9
7,6,17,10,15
8,0,3,3,6
9,11,6,17,16
10,8,7,10,14
11,15,1,15,2
12,2,4,17,13
13,2,11,6,12
14,16,17,12,12
15,16,0,17,5
16,17,2,10,17
17,10,15,1,12
18,11,11,16,8
19,1,11,2,5
20,8,19,18,7
21,17,19,0,9
22,6,18,4,3
23,6,3,12,10
24,14,16,13,4
25,18,5,8,10
26,11,4,19,19
27,19,15,18,18
28,12,3,5,17
29,12,19,18,8
30,1,14,6,15
31,1,8,10,10
32,17,1,18,1
33,6,10,1,0
34,6,8,16,1
35,2,19,10,4
36,16,13,17,8
37,18,16,15,11
38,3,2,2,12
39,18,4,9,1
40,4,13,4,2
41,1,12,9,0
42,11,5,6,8
43,16,16,2,9
44,19,18,0,1
45,19,10,7,0
46,13,14,13,9
47,17,9,2,14
48,12,15,12,4
49,17,5,3,14
50,12,9,17,1
51,5,8,12,18
52,11,2,19,10
53,6,4,15,8
54,10,0,13,19
55,14,9,9,11
