5
Grid:
20,20
........@...........
........@.@.........
....................
............@..@....
.@.........@........
.........@.....@....
..@..........@......
.....@..............
@..@....@.@.........
..@.................
....................
.........@..@....@..
...............@....
......@.@.@...@.....
...@...........@....
..@@.........@...@..
......@..@..........
...@...@....@.......
.........@..........
@...@.....@.........
Agents:
70
0,12,16,19,8
1,12,12,4,7
2,4,0,7,18
3,6,19,6,17
4,3,19,7,15
5,6,10,14,9
6,19,19,2,19
7,18,0,18,7
8,15,15,10,3
9,15,12,18,6
10,18,14,5,13
11,16,1,10,6
12,10,0,9,4
13,2,4,5,5
14,2,19,13,4
15,10,12,2,13
16,17,11,5,3
17,8,11,2,1
18,11,15,19,15
19,0,5,0,11
20,3,10,4,16
21,8,18,14,5
22,14,4,9,18
23,6,0,15,7
24,7,0,14,13
25,17,18,18,1
26,9,6,4,6
27,16,18,14,2
28,17,1,14,17
29,12,11,12,1
30,0,7,17,6
31,1,7,8,16
32,11,3,3,3
33,4,19,2,17
34,11,13,13,19
35,18,19,10,9
36,12,4,12,18
37,10,18,14,18
38,13,15,8,6
39,14,18,2,10
40,1,4,10,14
41,19,1,0,2
42,8,19,9,13
43,15,11,3,13
44,10,1,6,6
45,16,7,11,1
46,12,3,1,14
47,15,7,18,11
48,8,4,8,14
49,4,7,14,7
50,3,9,10,19
51,13,12,12,8
52,7,17,2,5
53,11,5,2,7
54,1,19,19,14
55,0,10,16,11
56,5,14,9,11
57,13,7,0,5
58,9,11,8,15
59,7,3,15,11
60,5,10,12,2
61,2,10,19,3
62,2,12,18,18
63,10,6,3,9
64,13,9,6,4
65,8,1,8,2
66,8,13,11,5
67,1,16,11,2
68,6,17,7,2
69,14,16,9,7
