7
Grid:
20,20
............@.......
....................
..................@.
..@........@..@.....
.........@.@...@....
..@..@.......@.@....
..@.................
.@.................@
..@.............@...
....@....@..........
...............@...@
.........@..@.......
@..........@........
..@......@..........
..@.......@.........
................@...
..........@..@......
..@........@..@.....
....@....@@.........
.......@.....@......
Agents:
56
0,16,14,9,12
1,16,4,17,5
2,3,15,19,18
3,15,1,15,9
4,12,5,12,17
5,15,6,5,3
6,4,0,9,5
7,7,2,13,3
8,11,14,11,8
9,17,13,5,10
10,17,12,16,12
11,16,15,2,11
12,1,8,15,6
13,18,18,4,3
14,7,0,10,6
15,11,19,2,17
16,8,13,14,1
17,0,17,4,16
18,15,8,13,8
19,11,0,9,16
20,8,9,19,3
21,19,1,1,5
22,15,17,8,17
23,1,3,1,9
24,11,17,13,18
25,7,7,16,7
26,14,7,14,5
27,14,4,17,6
28,12,14,1,16
29,2,13,18,8
30,6,16,12,13
31,19,8,16,3
32,18,6,5,12
33,5,14,1,4
34,17,4,19,17
35,1,2,12,14
36,10,8,0,18
37,14,8,17,8
38,11,3,1,15
39,17,16,10,0
40,7,6,7,13
41,3,6,15,14
42,19,19,16,1
43,8,3,12,15
44,11,11,2,3
45,9,2,4,18
46,8,14,16,18
47,15,11,10,4
48,9,0,18,5
49,12,19,4,8
50,3,10,10,2
51,14,9,4,14
52,10,9,14,19
53,11,4,11,2
54,13,4,3,19
55,14,18,9,14
