1
Grid:
20,20
....@@........@....@
........@....@......
..@..............@.@
..................@.
..@.........@...@...
.............@..@...
....................
..............@.....
...........@...@@...
.......@@...........
.@.....@.@.........@
.................@..
....................
.......@.....@.@....
...@................
......@..........@..
...@.....@....@...@.
.......@...@........
....................
................@..@
Agents:
70
0,6,14,3,4
1,10,13,10,16
2,2,8,2,13
3,3,7,4,9
4,10,2,14,2
5,9,15,5,6
6,4,6,11,13
7,0,0,13,3
8,7,5,5,12
9,6,15,18,9
10,11,9,18,1
11,18,3,13,4
12,10,16,6,16
13,7,3,19,4
14,8,13,19,9
15,10,5,14,19
16,9,2,11,2
17,17,4,0,9
18,6,9,7,2
19,15,7,19,12
20,7,13,16,2
21,3,17,18,18
22,15,16,7,13
23,1,3,17,17
24,1,10,18,19
25,1,16,14,12
26,2,5,1,1
27,19,17,17,3
28,12,4,3,12
29,5,1,19,13
30,9,16,16,19
31,14,18,1,15
32,12,3,14,11
33,13,9,9,13
34,7,11,11,6
35,12,6,7,17
36,1,0,18,14
37,8,18,14,10
38,6,2,12,7
39,8,9,8,9
40,8,1,6,7
41,8,19,5,19
42,2,3,7,0
43,13,1,3,0
44,18,18,6,1
45,14,10,11,9
46,11,11,7,19
47,12,7,10,14
48,5,5,8,19
49,0,6,10,15
50,0,8,0,6
51,7,15,5,11
52,11,0,8,17
53,13,10,11,4
54,14,12,0,17
55,4,11,3,3
56,8,12,16,6
57,1,7,9,11
58,12,2,18,4
59,0,2,8,7
60,6,18,14,7
61,6,0,5,9
62,17,15,6,4
63,9,1,18,7
64,4,15,0,16
65,3,1,17,14
66,11,13,12,14
67,8,7,16,11
68,5,0,7,12
69,17,19,12,15
