9
Grid:
20,20
.....@....@.........
........@..........@
........@......@.@.@
.............@..@...
.@....@@............
....................
....@....@..........
..........@.........
......@...@.........
.......@@...........
.............@..@...
.@..@...............
............@..@..@.
......@......@......
...@@.............@.
...@@..@........@...
....................
.......@....@.......
.....@.......@......
....................
Agents:
60
0,15,1,11,14
1,12,17,0,6
2,18,14,18,15
3,11,17,10,17
4,3,9,7,14
5,19,2,17,1
6,16,16,10,18
7,6,6,8,19
8,2,13,9,13
9,0,18,2,10
10,19,14,19,3
11,10,15,5,0
12,7,17,10,6
13,0,19,4,2
14,3,14,11,0
15,15,0,13,3
16,13,5,17,10
17,7,15,10,8
18,8,15,19,15
19,2,16,3,7
20,9,18,14,13
21,17,5,5,19
22,10,4,16,18
23,1,5,13,15
24,19,1,13,11
25,0,13,17,14
26,17,4,9,9
27,3,2,0,11
28,19,13,15,18
29,5,19,13,8
30,9,14,6,11
31,3,1,12,10
32,19,7,15,5
33,5,5,5,4
34,4,11,8,7
35,17,1,3,3
36,0,1,9,12
37,13,1,9,2
38,3,8,17,4
39,1,4,8,14
40,15,14,15,11
41,10,3,17,19
42,7,14,16,16
43,18,11,11,8
44,17,14,14,14
45,6,11,17,17
46,16,15,14,19
47,0,12,15,15
48,5,18,17,2
49,7,18,2,9
50,12,5,11,11
51,12,14,2,13
52,11,10,13,2
53,14,12,7,3
54,16,10,14,0
55,3,11,14,12
56,5,3,13,18
57,8,9,12,7
58,5,17,14,1
59,4,8,16,3
