5
Grid:
20,20
...............@....
@...................
.@................@.
............@.......
........@...........
.........@........@.
.....@..............
....................
.@...@......@.......
......@..@..@.......
...@..@....@.@......
....................
.@@..@..............
.....@@..@......@...
...@.....@.........@
....................
....@......@........
.@...............@.@
..@....@..........@@
............@...@...
Agents:
56
0,18,17,1,5
1,11,8,16,7
2,0,0,17,12
3,3,17,5,8
4,10,14,11,13
5,9,4,13,0
6,14,12,0,0
7,4,4,4,7
8,14,4,2,5
9,0,17,4,17
10,10,4,18,15
11,1,2,1,6
12,7,11,19,7
13,19,1,4,1
14,5,13,5,12
15,11,16,19,17
16,2,15,4,11
17,6,16,11,6
18,7,8,18,8
19,9,15,9,19
20,14,10,16,10
21,9,8,12,7
22,2,0,15,12
23,11,9,9,0
24,9,5,10,1
25,15,9,19,0
26,1,9,7,3
27,0,1,12,0
28,11,17,18,3
29,2,12,11,5
30,1,18,5,16
31,11,3,15,14
32,8,15,9,18
33,10,10,17,9
34,13,18,6,9
35,9,18,1,14
36,10,15,17,6
37,7,2,2,16
38,7,17,12,16
39,5,7,0,3
40,5,17,6,15
41,14,18,9,13
42,8,7,7,4
43,4,17,16,5
44,6,3,14,4
45,9,7,10,17
46,11,7,15,18
47,12,17,3,4
48,17,15,7,19
49,3,4,11,14
50,15,2,3,3
51,19,2,14,12
52,9,0,16,0
53,12,3,3,16
54,18,0,14,18
55,3,18,17,0
