6
Grid:
20,20
.......@.@.....@....
...........@........
.@....@.@.....@.....
.@...........@......
.....@.@............
...................@
.........@....@.....
....................
.................@..
..............@.....
.@.@................
...........@........
.@.........@.@.....@
............@@...@..
@.............@.....
.........@.@........
.................@..
@.......@.........@.
....................
@...@........@...@@.
Agents:
52
0,0,2,17,7
1,6,7,9,10
2,4,17,4,10
3,9,4,9,3
4,1,10,8,2
5,18,6,8,11
6,0,17,7,3
7,11,10,18,8
8,0,6,4,9
9,6,10,6,0
10,2,10,11,15
11,0,1,2,3
12,16,15,2,11
13,19,6,6,3
14,4,6,11,0
15,3,17,17,4
16,2,15,2,5
17,4,1,5,13
18,8,10,3,3
19,7,10,2,16
20,17,16,3,0
21,5,1,5,5
22,12,7,10,9
23,11,12,13,14
24,16,16,17,6
25,4,14,12,10
26,17,7,8,19
27,8,6,1,18
28,11,15,16,2
29,5,12,8,3
30,2,2,5,7
31,14,15,10,15
32,7,18,8,5
33,2,19,13,1
34,19,15,3,19
35,16,9,13,5
36,2,9,19,19
37,3,0,16,3
38,9,18,3,15
39,14,11,4,16
40,1,5,11,5
41,10,9,1,12
42,4,16,18,14
43,13,1,14,10
44,7,15,4,3
45,8,14,4,14
46,14,13,6,12
47,12,0,10,16
48,3,7,13,4
49,17,13,8,9
50,1,7,7,8
51,17,11,8,15
