1
Grid:
20,20
.....@.@@.....@.....
.@.............@....
......@........@....
@.@....@.....@......
..........@.@.......
........@...........
....................
.......@...@@......@
..................@.
....................
....@..........@@...
........@.......@...
....................
...@................
........@.@.........
.......@.......@...@
..........@.....@...
....................
..@.......@...@....@
.@...@@.............
Agents:
60
0,16,5,15,5
1,11,19,12,4
2,7,9,8,16
3,16,4,1,5
4,16,14,16,17
5,8,12,6,12
6,3,6,6,0
7,1,19,7,4
8,19,2,16,4
9,8,4,4,1
10,5,15,10,19
11,5,16,9,9
12,18,7,6,14
13,8,5,13,18
14,5,10,2,18
15,9,17,9,5
16,19,18,10,12
17,1,13,6,4
18,10,11,9,2
19,0,10,17,0
20,16,12,0,18
21,0,15,9,8
22,17,11,7,3
23,6,8,11,3
24,3,17,3,10
25,8,7,15,8
26,17,16,16,7
27,18,11,12,1
28,16,3,2,12
29,14,12,10,5
30,10,3,12,2
31,16,15,4,18
32,9,6,14,13
33,13,16,17,16
34,10,13,0,1
35,7,10,7,15
36,10,1,3,12
37,11,11,5,11
38,14,4,15,13
39,4,18,11,18
40,7,18,9,14
41,11,5,5,9
42,16,13,7,1
43,19,14,1,8
44,17,10,4,16
45,9,3,11,19
46,11,10,5,1
47,9,5,13,14
48,7,2,10,17
49,14,11,14,17
50,1,4,18,18
51,9,8,17,5
52,9,9,14,18
53,15,18,17,19
54,1,14,3,8
55,7,4,7,5
56,9,0,11,13
57,2,8,6,18
58,16,2,14,2
59,4,15,15,16
