5
Grid:
20,20
@..@@......@.....@..
.........@@.@...@...
..@............@....
............@.......
.............@....@.
..........@........@
...........@........
.....@........@.....
.........@..........
.@..................
......@.............
.@.....@............
@..@..........@...@.
....@.@.............
.....@......@.......
@@........@......@..
.......@.........@..
.......@............
...........@........
....................
Agents:
54
0,18,16,10,16
1,4,3,19,18
2,17,3,4,2
3,0,14,11,18
4,4,9,9,5
5,7,19,10,14
6,7,0,2,6
7,11,5,12,8
8,16,11,7,1
9,10,16,7,6
10,5,16,13,15
11,8,13,14,2
12,12,19,6,1
13,5,13,16,16
14,19,2,7,19
15,13,19,14,19
16,14,19,16,4
17,17,4,7,15
18,11,10,9,15
19,5,15,1,19
20,16,14,13,17
21,11,12,7,3
22,14,4,4,11
23,19,15,18,19
24,16,19,18,6
25,17,16,5,13
26,16,18,15,18
27,10,7,4,16
28,15,3,9,18
29,11,0,8,11
30,8,11,11,8
31,9,4,0,12
32,6,7,17,18
33,7,11,4,17
34,19,19,4,15
35,11,11,8,3
36,3,11,17,8
37,19,7,10,1
38,0,9,13,9
39,16,0,0,6
40,5,17,5,6
41,3,15,0,14
42,8,10,8,5
43,9,7,9,17
44,19,4,10,11
45,6,5,15,13
46,4,6,7,13
47,18,7,14,10
48,8,5,15,9
49,19,17,2,9
50,5,4,5,5
51,15,19,11,13
52,2,18,6,5
53,4,4,11,11
