6
Grid:
20,20
..................@.
..........@.........
.........@.......@..
..........@.......@.
...@.@..@.@.@.@.@.@@
@..@...........@@...
..........@.....@@@.
.....@..............
...@........@.....@.
.........@....@.....
....................
....@.......@.......
.@............@...@.
....................
....@..@...@........
....@...............
....................
................@...
....................
...............@....
Agents:
68
0,9,8,6,14
1,14,6,15,12
2,5,17,10,3
3,10,6,2,5
4,8,13,0,0
5,13,4,3,16
6,0,8,14,5
7,13,0,14,14
8,10,16,4,4
9,0,12,19,14
10,3,3,15,8
11,11,11,6,8
12,14,13,1,15
13,16,18,7,2
14,0,4,19,17
15,7,17,16,12
16,7,18,16,1
17,17,9,17,7
18,0,10,10,19
19,7,15,14,2
20,19,11,0,13
21,14,16,2,12
22,10,15,12,8
23,17,8,4,9
24,18,18,19,8
25,5,14,6,4
26,14,0,7,0
27,14,14,15,9
28,3,17,17,14
29,10,9,8,7
30,15,15,16,2
31,0,14,10,2
32,3,1,7,18
33,15,10,9,17
34,17,17,19,16
35,1,11,13,6
36,5,9,4,1
37,11,9,2,14
38,6,3,0,11
39,19,17,13,10
40,2,18,9,8
41,15,18,18,11
42,14,2,12,7
43,2,15,16,6
44,16,14,12,15
45,17,5,4,11
46,13,9,10,7
47,8,1,12,12
48,10,19,10,6
49,15,12,14,17
50,11,6,16,16
51,5,5,3,12
52,2,7,13,7
53,7,16,11,9
54,19,3,0,15
55,8,0,8,14
56,4,9,5,19
57,11,0,2,10
58,12,5,1,6
59,1,9,7,16
60,10,18,1,16
61,3,6,0,8
62,2,10,5,5
63,15,5,0,17
64,18,7,10,11
65,10,0,11,17
66,13,14,13,0
67,1,15,17,5
