8
Grid:
20,20
.........@@.........
..@.........@@.@....
..@..@..............
......@.............
@.......@...........
...............@...@
..@........@.......@
....................
@............@@.....
...........@..@.@.@.
....................
....................
..@....@.@.......@..
...............@....
....@........@@.....
..@.................
..................@@
....................
....@.....@.........
.......@.@......@..@
Agents:
52
0,18,17,12,19
1,11,3,10,5
2,7,17,2,18
3,16,17,7,11
4,1,11,4,7
5,12,3,3,5
6,1,17,9,5
7,9,0,18,0
8,0,8,7,17
9,15,7,5,11
10,14,8,4,19
11,3,12,17,1
12,13,12,16,6
13,18,8,19,6
14,17,10,1,8
15,16,10,7,18
16,16,8,2,13
17,19,5,16,11
18,7,12,2,19
19,15,11,4,1
20,18,0,12,5
21,4,19,16,8
22,3,14,18,12
23,10,14,4,6
24,3,3,15,14
25,19,14,13,18
26,3,4,1,6
27,18,13,13,6
28,13,1,0,18
29,1,0,3,12
30,1,14,7,15
31,11,0,2,4
32,5,13,10,6
33,8,19,19,2
34,7,2,5,5
35,19,1,6,8
36,5,16,8,3
37,6,12,8,19
38,8,10,17,3
39,12,5,18,16
40,7,13,10,19
41,2,3,5,9
42,18,14,0,7
43,16,0,15,0
44,2,10,17,13
45,9,9,15,4
46,9,7,6,10
47,13,14,8,2
48,11,19,19,3
49,15,4,15,11
50,8,9,13,14
51,14,1,8,10
