6
Grid:
20,20
......@@..@...@.....
.....@.............@
.........@..........
......@@......@...@.
..@@.....@..........
.....@..............
........@......@...@
..@@.........@......
.........@.....@....
....................
......@.............
...................@
..............@..@.@
@........@..........
.........@@.@@......
....................
...................@
@...................
...@......@.........
........@.........@.
Agents:
66
0,5,13,5,10
1,15,11,2,15
2,2,7,13,18
3,9,9,5,11
4,8,5,1,4
5,3,11,6,1
6,15,14,0,9
7,9,3,13,8
8,3,4,15,19
9,4,7,17,19
10,15,12,16,16
11,12,12,9,9
12,10,14,9,8
13,18,16,5,16
14,18,4,5,8
15,2,18,13,16
16,19,5,19,1
17,11,11,11,7
18,11,18,10,7
19,0,16,10,18
20,7,19,10,1
21,13,6,5,14
22,8,4,4,15
23,3,3,19,13
24,16,15,2,17
25,11,12,7,5
26,8,17,19,4
27,6,3,17,5
28,15,10,14,3
29,4,16,8,7
30,16,16,15,1
31,7,7,16,17
32,8,16,4,13
33,13,1,0,17
34,9,18,2,3
35,11,16,12,12
36,9,4,16,8
37,1,4,7,19
38,12,5,9,11
39,16,5,14,16
40,7,16,0,2
41,1,16,16,14
42,15,17,5,7
43,18,14,12,11
44,2,8,15,6
45,8,12,5,19
46,8,1,0,13
47,2,10,16,2
48,7,12,3,1
49,13,17,5,0
50,4,1,11,2
51,11,2,1,16
52,9,16,17,2
53,0,12,14,18
54,3,13,3,9
55,17,14,12,2
56,16,13,13,10
57,7,9,3,11
58,13,10,10,13
59,16,3,11,17
60,17,3,15,2
61,17,6,8,8
62,14,11,7,12
63,0,0,1,2
64,1,10,1,12
65,2,14,9,13
