2
Grid:
20,20
....................
..........@...@.....
................@.@.
...@...@............
.@.@..........@.....
.........@..........
.....@........@.....
.@.............@....
...@................
.....@@...@.........
@.........@.........
..@...@.......@.....
...@......@.@..@@@.@
@...................
................@...
@..............@....
....................
.............@......
@...@..@.........@..
.....@..............
Agents:
54
0,2,0,11,13
1,18,8,13,14
2,17,7,14,9
3,14,13,2,15
4,3,14,6,12
5,19,18,8,16
6,6,19,5,2
7,13,19,19,17
8,11,19,12,0
9,19,16,15,11
10,15,7,8,6
11,9,15,19,14
12,7,7,10,5
13,19,15,19,10
14,1,15,1,4
15,15,13,2,1
16,9,4,16,10
17,11,1,0,8
18,0,0,0,14
19,13,3,2,5
20,0,18,8,12
21,3,11,14,14
22,14,3,18,9
23,2,13,11,17
24,6,3,19,7
25,8,7,8,8
26,6,15,7,3
27,11,3,9,1
28,8,19,14,2
29,11,8,13,11
30,18,5,0,7
31,9,1,17,5
32,7,12,2,9
33,18,10,9,9
34,5,16,18,3
35,4,0,4,9
36,7,11,6,18
37,11,15,11,8
38,12,7,15,6
39,9,11,17,16
40,5,1,5,0
41,18,16,1,1
42,10,17,13,1
43,18,3,15,12
44,14,12,0,17
45,19,17,15,3
46,15,10,4,8
47,14,15,0,18
48,17,11,14,1
49,3,6,16,2
50,7,19,7,17
51,11,5,0,3
52,17,12,0,5
53,19,6,9,2
