5
Grid:
20,20
.......@..@..@.....@
....@.....@.........
....................
............@@...@..
.........@@...@@....
....................
..............@.....
..@.................
..............@...@.
..@.....@...........
.@....@@............
....................
...........@@.......
....@............@..
....@.....@.........
..........@...@.....
....................
.@.........@..@....@
.@@...........@....@
....@......@........
Agents:
64
0,13,2,3,7
1,7,14,14,8
2,6,5,3,11
3,19,6,16,6
4,7,5,14,3
5,8,19,12,8
6,12,5,8,5
7,16,13,18,18
8,10,13,2,6
9,5,12,16,11
10,3,14,2,16
11,6,6,2,11
12,0,1,11,15
13,10,0,9,17
14,12,8,16,13
15,0,8,16,3
16,18,9,15,11
17,15,3,11,9
18,19,17,9,10
19,9,14,3,8
20,17,18,8,11
21,13,7,6,12
22,2,7,7,4
23,13,12,13,2
24,6,19,10,0
25,15,1,12,6
26,18,13,5,12
27,16,6,8,6
28,2,14,19,2
29,7,4,16,1
30,5,8,18,16
31,14,11,6,19
32,15,16,16,7
33,14,8,16,4
34,17,5,15,4
35,3,9,17,3
36,11,3,15,17
37,18,16,14,12
38,0,0,11,11
39,2,1,9,4
40,12,17,19,8
41,5,13,13,6
42,11,1,10,15
43,7,13,8,7
44,15,15,18,7
45,13,5,9,15
46,15,6,9,16
47,4,7,8,17
48,4,8,10,17
49,0,9,15,1
50,2,13,18,0
51,7,6,1,9
52,13,6,4,5
53,2,4,4,8
54,15,17,6,0
55,5,1,14,14
56,5,15,3,10
57,12,1,19,15
58,18,10,0,2
59,16,5,0,16
60,3,3,15,16
61,17,4,17,5
62,19,13,8,1
63,1,0,4,17
