2
Grid:
20,20
................@@..
..@.................
........@....@......
...@...@....@@....@.
..................@.
..........@.........
@....@.@........@...
...........@....@@..
............@.@.....
...@................
........@.@.........
..........@.........
...........@.......@
....@.@......@...@..
...................@
...@................
...........@........
........@...........
@............@......
.....@...@........@.
Agents:
66
0,13,8,19,16
1,16,1,8,8
2,7,18,16,9
3,12,2,9,4
4,12,14,11,12
5,13,2,1,16
6,15,4,0,3
7,13,3,2,5
8,6,12,8,3
9,6,1,2,7
10,11,6,16,5
11,15,14,15,17
12,0,12,0,1
13,9,16,5,17
14,2,3,16,17
15,7,13,10,19
16,16,17,9,18
17,10,1,6,17
18,1,18,9,12
19,19,10,17,4
20,1,19,19,12
21,3,17,10,3
22,2,19,15,4
23,14,4,2,0
24,10,17,13,11
25,17,1,7,13
26,13,1,6,6
27,1,15,19,1
28,11,19,15,8
29,13,16,6,12
30,12,10,0,7
31,14,2,14,7
32,7,15,0,11
33,12,4,5,19
34,10,7,12,15
35,2,1,12,14
36,5,16,8,6
37,10,3,10,4
38,9,7,17,17
39,18,4,6,11
40,5,4,16,19
41,5,6,12,10
42,6,9,2,6
43,4,9,0,13
44,0,6,16,6
45,6,19,14,16
46,16,4,1,19
47,6,13,13,1
48,2,0,17,11
49,11,18,17,14
50,11,5,15,10
51,2,17,1,7
52,10,18,7,5
53,1,9,18,1
54,4,8,10,1
55,15,17,13,19
56,11,3,7,14
57,4,3,2,3
58,4,0,15,2
59,0,8,0,5
60,15,0,1,14
61,12,0,3,8
62,17,16,1,6
63,7,7,4,11
64,18,2,0,6
65,0,2,11,8
