0
Grid:
20,20
.@..................
.....@..........@...
....................
......@.............
.@...@.........@@...
...............@....
............@.......
....@......@.@.....@
...........@........
..........@........@
.................@..
@...@...@......@....
..@........@...@....
....................
...@@......@...@....
..............@.....
.@.@.........@.@....
@..@...@...@.....@..
....................
@...................
Agents:
62
0,19,7,10,1
1,4,19,3,8
2,5,14,13,11
3,16,9,19,11
4,14,13,13,13
5,18,15,3,11
6,10,4,16,6
7,2,15,7,2
8,4,13,12,12
9,14,18,2,4
10,3,1,1,8
11,17,6,1,7
12,12,8,13,2
13,17,16,6,18
14,9,9,12,13
15,6,18,18,10
16,0,11,2,18
17,15,10,2,14
18,5,7,11,11
19,10,2,2,17
20,15,0,4,14
21,12,0,8,8
22,12,12,13,1
23,14,17,7,6
24,1,11,3,17
25,15,17,6,17
26,2,18,8,10
27,1,7,11,16
28,12,17,18,12
29,4,9,14,13
30,9,12,17,1
31,3,11,12,9
32,0,14,10,19
33,8,7,7,8
34,14,12,15,16
35,15,4,9,16
36,8,14,19,15
37,2,3,12,1
38,11,3,16,8
39,7,6,10,13
40,6,13,5,17
41,19,12,14,10
42,18,6,11,17
43,10,0,9,4
44,12,19,0,12
45,9,13,6,14
46,13,4,17,15
47,6,15,12,6
48,13,5,5,6
49,4,8,4,7
50,11,7,13,3
51,15,12,4,18
52,0,15,10,15
53,9,0,17,4
54,0,16,10,0
55,7,1,10,4
56,1,4,6,0
57,11,19,10,11
58,6,11,3,16
59,16,14,3,10
60,2,14,5,8
61,0,18,15,2
