9
Grid:
20,20
.........@..........
.........@.........@
...................@
....................
........@...........
................@...
....@......@.@......
..................@.
......@..@.@........
..@...............@.
...@@.@.....@.......
..@.................
.......@...@........
....................
..........@.........
@........@.....@..@.
........@..@..@.....
.....@..@.@......@..
......@..@..@......@
..........@......@..
Agents:
58
0,19,13,16,2
1,0,4,14,13
2,5,12,12,4
3,17,12,10,0
4,0,7,13,18
5,17,13,14,2
6,19,5,13,6
7,13,2,18,15
8,5,10,15,6
9,0,3,15,12
10,2,18,19,14
11,7,4,6,7
12,12,6,13,8
13,15,5,14,16
14,9,4,15,13
15,1,5,12,17
16,18,11,3,7
17,9,5,4,9
18,11,6,3,6
19,18,4,6,12
20,9,6,3,11
21,12,1,17,11
22,4,9,8,13
23,12,18,13,4
24,5,8,11,0
25,12,16,9,12
26,2,7,2,5
27,4,12,13,11
28,0,14,11,9
29,11,11,13,16
30,7,14,12,8
31,6,1,10,17
32,12,13,6,2
33,5,19,4,13
34,13,15,14,6
35,6,6,12,14
36,13,10,2,6
37,19,12,3,9
38,12,2,2,12
39,0,19,0,10
40,5,3,6,9
41,2,15,10,19
42,17,18,18,2
43,13,5,1,8
44,15,16,5,2
45,2,6,2,1
46,0,18,4,2
47,12,17,15,16
48,4,6,7,1
49,18,14,6,19
50,13,14,16,0
51,1,4,7,8
52,12,10,16,6
53,13,6,7,16
54,14,8,6,17
55,3,15,13,10
56,14,6,1,3
57,13,9,14,1
