3
Grid:
20,20
....................
....................
............@...@...
....@...@....@......
....@.....@...@.....
................@...
..........@..@..@...
................@@..
..@...........@.....
.........@.........@
.@..................
......@........@....
...@..............@.
.@..................
......@.......@@....
..@....@............
...@@.@.....@.......
...................@
.....@........@.@...
..@.....@.........@.
Agents:
62
0,19,6,15,19
1,18,2,15,17
2,16,18,13,5
3,18,8,18,17
4,4,17,10,2
5,3,7,11,12
6,15,8,0,13
7,5,2,14,11
8,19,1,4,6
9,12,7,8,1
10,19,19,8,3
11,2,6,2,4
12,17,8,8,15
13,5,0,0,16
14,14,0,17,7
15,4,3,18,10
16,17,13,11,19
17,7,1,10,13
18,4,8,10,0
19,1,6,10,5
20,5,8,4,15
21,11,17,18,3
22,12,17,9,11
23,6,7,9,14
24,1,11,17,8
25,3,16,5,8
26,16,11,11,13
27,10,16,10,12
28,11,3,16,16
29,13,5,4,13
30,5,11,2,13
31,10,14,1,0
32,6,4,7,10
33,18,11,13,7
34,2,2,19,6
35,11,19,13,9
36,1,8,2,9
37,16,7,8,16
38,8,16,0,18
39,13,17,11,11
40,9,10,14,8
41,5,12,8,5
42,17,4,16,1
43,14,2,7,19
44,3,2,11,5
45,18,17,4,1
46,10,7,3,9
47,19,14,2,17
48,7,15,4,8
49,8,1,2,5
50,4,16,11,4
51,10,2,5,3
52,0,4,2,3
53,14,16,19,0
54,10,3,7,18
55,4,15,15,12
56,19,5,17,17
57,12,0,13,18
58,18,9,4,17
59,2,7,2,18
60,9,18,5,17
61,17,0,6,6
