1
Grid:
20,20
.@..@...............
..@........@......@.
..........@...@..@.@
@...................
....................
.@@................@
.......@@...........
....................
....................
@.......@...........
............@@.....@
.@..................
....@..@...@........
........@...........
.....@..@...@.......
...@................
@...@@......@..@....
....@...............
...........@......@@
@.............@.....
Agents:
64
0,15,13,19,13
1,18,9,7,10
2,17,2,0,15
3,14,13,16,7
4,17,9,10,16
5,17,0,15,9
6,3,17,6,9
7,6,17,0,2
8,14,7,19,12
9,3,5,4,1
10,0,5,7,9
11,19,17,3,15
12,5,0,16,17
13,15,17,16,18
14,15,18,2,11
15,10,10,6,6
16,2,1,10,7
17,14,3,18,1
18,11,13,9,3
19,8,11,2,8
20,6,0,18,3
21,15,1,15,13
22,4,19,0,17
23,4,2,17,9
24,10,1,9,10
25,5,10,15,0
26,12,12,7,2
27,17,13,8,7
28,17,19,15,12
29,14,19,19,9
30,9,12,9,12
31,3,15,9,13
32,7,1,9,1
33,16,9,19,6
34,19,18,5,18
35,2,4,14,19
36,16,16,13,9
37,7,9,8,15
38,4,12,18,0
39,8,2,5,11
40,13,11,7,17
41,15,6,4,15
42,3,8,6,11
43,16,7,19,5
44,10,2,2,4
45,6,19,1,0
46,15,8,9,19
47,19,9,8,14
48,13,3,12,6
49,17,1,9,17
50,11,0,1,15
51,16,1,10,10
52,2,11,7,1
53,17,7,9,16
54,7,19,17,2
55,17,16,3,16
56,13,18,13,3
57,18,5,9,4
58,9,1,0,19
59,13,2,16,6
60,1,15,8,9
61,15,10,12,0
62,14,4,10,11
63,3,13,19,2
