9
Grid:
20,20
@...................
...@....@...........
................@...
....@..@.@..........
..@.@...............
....@...............
....................
.....@..............
....................
........@.@.........
..........@..@......
.......@...@.@......
....................
.....@..............
...@.@....@@.......@
.........@......@...
...@.....@...@@.....
.@.........@@.......
@..@...@.....@......
.....@....@.....@...
Agents:
56
0,5,18,18,5
1,1,4,7,18
2,1,11,5,10
3,12,15,14,13
4,12,1,13,0
5,18,5,1,15
6,11,2,11,16
7,11,10,10,19
8,3,17,1,9
9,5,13,0,15
10,10,5,2,8
11,2,4,15,12
12,14,12,11,1
13,8,7,16,18
14,16,5,13,16
15,12,2,3,1
16,12,0,15,5
17,3,12,14,16
18,11,18,4,0
19,7,8,1,18
20,0,7,10,1
21,18,11,9,5
22,6,12,1,1
23,14,4,17,16
24,19,17,7,1
25,8,3,16,2
26,1,7,4,17
27,12,6,2,17
28,19,9,16,7
29,7,6,2,19
30,17,3,8,18
31,5,6,16,11
32,18,8,1,0
33,0,3,10,2
34,13,12,8,0
35,2,5,17,2
36,10,1,17,19
37,4,15,5,5
38,5,2,4,13
39,17,2,6,12
40,7,18,0,4
41,17,8,13,18
42,1,5,14,2
43,7,17,6,19
44,11,1,1,13
45,11,16,8,7
46,2,12,13,1
47,13,17,11,3
48,11,6,14,8
49,15,2,7,6
50,13,19,14,14
51,2,17,16,19
52,0,16,9,13
53,12,4,5,11
54,8,14,8,11
55,15,6,10,17
