5
Grid:
20,20
......@@.......@....
...@................
........@...........
..............@@....
...@...@@...........
@.@.........@@......
.@......@@....@..@..
....@...........@...
..@..........@.....@
....................
.@..............@@..
..................@.
........@.@.........
.............@......
....................
.............@.....@
..@........@...@....
.@...@....@.........
....................
............@.......
Agents:
66
0,9,7,19,1
1,11,3,17,14
2,13,2,13,15
3,6,5,7,2
4,19,16,5,18
5,12,11,15,0
6,19,13,9,6
7,16,8,9,7
8,12,1,4,16
9,0,8,14,6
10,9,18,3,17
11,15,2,16,5
12,18,17,17,12
13,16,19,1,5
14,9,9,16,7
15,19,3,16,4
16,0,12,11,9
17,7,18,1,1
18,9,16,8,7
19,17,15,6,6
20,4,17,5,16
21,0,14,5,11
22,3,7,1,10
23,7,3,5,6
24,14,15,2,4
25,19,8,13,19
26,9,19,1,2
27,10,19,15,3
28,1,10,4,13
29,7,0,19,2
30,6,13,8,11
31,13,0,9,10
32,18,13,13,1
33,0,19,2,11
34,19,11,18,15
35,8,1,3,11
36,1,16,17,9
37,9,5,4,19
38,19,0,1,16
39,10,10,10,10
40,5,18,19,3
41,14,14,12,17
42,8,10,19,11
43,14,6,9,19
44,4,0,14,16
45,14,8,6,15
46,5,17,10,5
47,11,7,16,1
48,10,0,19,9
49,8,17,3,1
50,3,1,12,16
51,10,8,3,19
52,7,2,13,0
53,5,3,16,17
54,18,10,15,16
55,13,19,19,16
56,3,18,5,17
57,6,15,8,14
58,11,8,17,19
59,10,6,14,8
60,7,13,15,11
61,5,5,9,11
62,3,6,4,5
63,3,5,11,14
64,16,1,2,5
65,16,16,3,2
