2
Grid:
20,20
....@...@........@..
..............@.....
..........@...@...@.
@....@..............
.......@@...........
........@.....@.....
....................
....@......@........
...@@...............
..@..@.......@......
.............@......
....................
............@......@
.................@..
....................
......@.@.@........@
@....@.@@........@..
..@.......@.........
....@.@.............
.....@@......@......
Agents:
56
0,18,14,14,2
1,11,5,13,8
2,5,12,9,9
3,3,7,14,15
4,10,8,3,18
5,16,10,0,5
6,15,13,11,13
7,3,15,15,15
8,17,9,7,9
9,1,13,19,12
10,12,15,18,17
11,9,14,2,13
12,5,19,4,0
13,0,6,3,9
14,13,1,10,1
15,0,0,4,18
16,17,11,12,8
17,4,4,19,8
18,4,9,12,7
19,6,1,7,8
20,2,0,12,10
21,18,10,0,12
22,10,11,12,18
23,14,9,19,19
24,14,6,15,18
25,12,17,0,16
26,13,10,6,1
27,2,9,9,7
28,1,19,17,4
29,6,13,3,2
30,11,9,2,4
31,7,15,6,15
32,12,4,5,3
33,8,19,2,6
34,17,18,7,6
35,3,14,9,19
36,5,10,0,9
37,11,6,15,17
38,4,12,11,3
39,8,0,9,4
40,18,13,7,14
41,7,6,9,11
42,8,9,0,2
43,2,15,13,0
44,0,15,3,3
45,5,11,10,17
46,7,1,16,3
47,13,4,18,1
48,5,7,18,8
49,14,15,2,5
50,1,5,6,13
51,4,15,17,11
52,6,12,3,4
53,5,15,4,11
54,18,16,15,12
55,1,16,2,16
