4
Grid:
20,20
.@......@.......@.@.
............@..@....
..@.........@.......
.@@.@.....@........@
@.............@.....
........@@..........
.................@..
....................
@...........@@......
@...................
....@@...@@..@.@....
...............@....
...@@.............@.
....@@@@............
....................
....................
.@..........@.......
..@.............@...
....................
....................
Agents:
68
0,2,17,7,9
1,0,2,14,17
2,18,10,12,11
3,16,11,14,3
4,12,11,18,8
5,5,4,5,5
6,18,4,18,13
7,9,18,1,10
8,19,11,3,14
9,15,16,14,6
10,4,16,5,11
11,1,13,11,6
12,11,5,9,2
13,16,17,4,2
14,14,5,11,9
15,4,6,10,7
16,13,0,15,0
17,8,11,0,7
18,8,17,12,6
19,14,6,19,12
20,16,8,16,3
21,18,13,3,8
22,2,8,8,11
23,18,11,7,3
24,9,11,13,10
25,2,4,7,8
26,12,12,0,4
27,5,19,7,1
28,10,18,4,13
29,0,0,8,8
30,7,1,12,0
31,9,3,7,7
32,14,14,15,1
33,18,9,6,18
34,10,7,15,5
35,1,3,17,5
36,9,15,6,14
37,17,7,15,3
38,11,2,13,16
39,7,4,7,12
40,7,3,12,2
41,2,19,8,17
42,14,0,14,16
43,14,8,19,8
44,1,10,4,12
45,16,14,12,12
46,18,15,3,6
47,19,14,2,0
48,19,7,13,15
49,9,8,17,14
50,8,4,18,6
51,1,2,15,12
52,7,18,18,7
53,13,2,1,13
54,0,15,12,14
55,15,1,14,18
56,6,12,1,2
57,1,7,3,15
58,16,2,1,17
59,4,5,0,11
60,14,18,5,16
61,16,5,19,11
62,16,3,7,5
63,2,18,10,17
64,14,3,15,2
65,6,11,3,17
66,12,19,15,18
67,16,16,7,18
