5
Grid:
20,20
.....@...@..........
....................
....@.......@......@
.....@..............
..@.....@...........
............@.....@.
...@...@............
.............@......
...@.........@@...@.
..@.@.............@.
..@...........@.....
................@...
....@......@........
...@.@.....@.@......
...@........@.......
....@.........@..@..
.@..................
.@..........@@......
..............@.....
...@................
Agents:
68
0,16,2,4,14
1,5,15,10,18
2,9,10,18,13
3,8,2,7,17
4,3,18,18,8
5,12,10,4,0
6,6,16,3,2
7,5,9,18,18
8,1,10,11,13
9,14,18,1,3
10,16,19,18,4
11,18,5,15,1
12,11,3,12,18
13,16,7,10,6
14,19,13,14,5
15,10,12,17,4
16,7,16,2,6
17,1,17,6,18
18,3,3,18,19
19,5,14,0,15
20,0,16,3,12
21,16,6,8,12
22,0,18,12,1
23,1,11,4,9
24,6,12,18,17
25,8,6,0,1
26,18,9,17,8
27,11,2,4,19
28,11,19,1,12
29,2,6,19,7
30,3,19,17,19
31,19,14,12,12
32,8,8,16,8
33,7,3,19,17
34,0,2,3,8
35,19,10,9,0
36,12,2,5,14
37,18,2,9,16
38,8,4,3,10
39,3,17,5,1
40,5,7,0,0
41,7,17,11,15
42,3,0,3,16
43,18,12,19,18
44,6,6,7,0
45,13,4,18,3
46,1,18,19,9
47,10,1,11,19
48,18,11,9,5
49,11,17,0,2
50,12,17,15,16
51,14,15,5,11
52,11,8,18,0
53,14,6,2,16
54,16,5,2,10
55,10,7,16,4
56,10,15,16,5
57,9,15,13,15
58,9,13,19,6
59,12,16,11,4
60,5,8,17,10
61,16,3,2,17
62,4,6,10,1
63,12,6,2,14
64,7,15,4,3
65,17,14,0,8
66,9,14,8,16
67,11,10,14,17
