3
Grid:
20,20
@.....@..........@..
.........@..........
............@@......
@.....@.............
.@............@.....
....................
.................@..
.@.@.@......@..@....
....................
........@....@....@.
...............@.@..
..............@.....
.........@..........
.@@..@....@.@.......
..@.................
...@.@...........@..
..@.................
@@.........@........
@....@.........@....
...........@........
Agents:
64
0,16,16,15,0
1,11,2,0,12
2,19,15,6,13
3,13,0,16,8
4,18,6,0,13
5,15,7,14,5
6,19,17,11,0
7,16,1,7,18
8,14,18,2,14
9,1,16,19,6
10,0,11,0,1
11,5,15,12,19
12,16,14,6,4
13,15,18,5,4
14,13,17,7,7
15,13,8,6,0
16,5,17,1,12
17,11,13,1,10
18,3,11,6,15
19,3,15,3,10
20,18,16,4,3
21,4,13,2,3
22,18,17,19,17
23,5,6,16,18
24,7,0,16,0
25,16,19,18,18
26,16,3,2,18
27,19,18,10,1
28,4,0,19,4
29,11,1,0,3
30,13,7,10,19
31,2,2,4,15
32,6,2,11,13
33,17,2,12,17
34,19,5,8,3
35,12,5,11,17
36,16,18,10,3
37,12,6,17,10
38,10,9,5,5
39,0,4,11,1
40,17,19,2,2
41,12,0,6,2
42,11,3,2,9
43,3,17,14,16
44,2,16,11,11
45,11,15,1,8
46,8,4,19,8
47,4,2,9,4
48,8,11,3,11
49,7,6,3,8
50,12,16,5,6
51,1,6,15,7
52,8,5,7,9
53,10,3,14,7
54,1,14,16,5
55,14,9,2,19
56,1,15,11,12
57,7,14,10,10
58,10,0,8,17
59,7,8,4,18
60,5,18,12,2
61,16,9,18,9
62,4,10,1,7
63,7,16,9,2
