9
Grid:
20,20
@...@........@......
.@.....@..........@.
......@..@@...@@....
..............@.....
.......@@.@.......@.
....@...............
....@.........@.....
....................
....................
................@...
.............@......
....................
....@.....@....@..@.
...@@.@.............
.@....@.........@...
....................
.................@..
...........@........
..@......@.@..@@.@..
....@...............
Agents:
54
0,8,15,3,2
1,19,10,7,0
2,11,10,7,8
3,5,7,6,7
4,5,11,8,12
5,0,3,11,7
6,19,1,16,15
7,16,2,15,0
8,9,7,2,16
9,6,0,2,5
10,15,19,7,6
11,4,14,4,15
12,7,3,6,5
13,17,9,5,12
14,11,0,15,9
15,6,18,19,11
16,8,3,18,1
17,18,13,15,15
18,7,7,1,11
19,6,15,7,11
20,9,9,7,4
21,7,19,16,11
22,9,8,3,6
23,0,11,8,13
24,1,12,6,0
25,19,8,2,17
26,10,4,8,10
27,2,7,9,17
28,13,16,12,19
29,16,5,10,1
30,5,2,4,16
31,2,18,13,7
32,12,12,18,18
33,3,15,6,3
34,0,19,18,3
35,14,0,10,11
36,10,14,10,14
37,7,8,10,15
38,13,8,16,6
39,9,0,16,18
40,5,9,9,7
41,16,9,17,2
42,1,19,15,10
43,12,13,1,6
44,11,19,9,12
45,13,9,18,4
46,19,3,4,13
47,4,4,3,11
48,16,11,10,19
49,15,7,9,6
50,18,19,11,6
51,17,15,15,6
52,17,13,5,0
53,7,16,19,1
