3
Grid:
20,20
...........@........
@...@...@...@......@
......@...........@.
.....@..............
...............@....
....................
...@@...............
..@.................
..@..........@.@..@.
....................
...................@
........@.........@@
.........@..........
...@.@...........@..
....@.@...@.@.......
...........@....@...
.........@.@........
...@...@............
...@...........@....
@......@..........@.
Agents:
68
0,13,10,17,13
1,19,9,15,3
2,7,15,15,4
3,9,5,6,14
4,6,10,5,1
5,4,2,9,19
6,8,8,13,11
7,8,19,4,7
8,17,19,9,8
9,8,7,18,13
10,3,12,12,15
11,1,18,12,6
12,12,7,1,9
13,7,6,9,5
14,18,7,5,8
15,6,14,0,3
16,5,12,12,7
17,5,4,4,12
18,16,4,3,8
19,15,2,0,1
20,5,16,1,2
21,17,18,7,18
22,9,4,18,16
23,14,3,10,4
24,19,15,6,15
25,12,18,3,10
26,18,6,10,15
27,3,0,18,0
28,9,1,19,15
29,16,0,8,17
30,7,3,15,7
31,7,19,3,2
32,4,10,9,10
33,17,16,16,4
34,2,4,10,9
35,2,12,6,12
36,4,5,4,11
37,2,7,6,16
38,14,2,0,13
39,14,7,17,6
40,15,18,0,17
41,8,5,1,16
42,14,15,0,14
43,15,1,6,10
44,14,19,8,5
45,7,17,3,7
46,1,14,7,6
47,12,0,4,4
48,14,13,5,17
49,3,15,9,0
50,6,6,13,14
51,7,4,17,15
52,16,3,1,13
53,4,16,7,9
54,14,18,12,0
55,9,7,14,2
56,4,8,3,15
57,10,0,1,1
58,8,9,2,11
59,1,15,16,7
60,10,14,10,12
61,13,2,4,13
62,15,13,5,6
63,18,8,18,11
64,2,0,5,11
65,8,10,13,19
66,13,18,5,15
67,4,9,15,8
