5
Grid:
20,20
......@..........@..
..........@....@....
........@@..........
.@.@...............@
..@..@@........@....
...@...@............
..................@.
.........@..@@......
.@..@...............
...@................
....................
....@...............
.....@..............
............@.......
..........@...@.....
..@..@.......@......
.@.....@.....@......
.@.......@@@...@....
...@.............@..
....................
Agents:
52
0,17,6,1,0
1,15,11,6,9
2,11,11,0,7
3,15,19,15,8
4,19,19,15,17
5,11,8,2,18
6,9,19,12,17
7,4,13,3,7
8,0,7,5,1
9,6,6,7,5
10,15,6,11,10
11,8,2,9,12
12,1,0,3,2
13,13,19,1,19
14,7,5,11,11
15,8,10,17,14
16,0,18,1,12
17,6,13,2,17
18,4,11,15,9
19,5,18,16,14
20,12,10,13,9
21,14,17,2,0
22,3,2,5,8
23,1,13,16,5
24,8,11,9,10
25,15,10,16,4
26,2,12,7,2
27,3,8,4,7
28,10,15,6,12
29,5,19,11,8
30,0,19,5,9
31,19,6,12,13
32,6,7,13,17
33,2,14,9,19
34,1,16,15,15
35,11,18,14,7
36,10,17,15,6
37,16,11,4,10
38,18,13,14,2
39,16,16,7,16
40,14,9,1,11
41,9,16,3,16
42,1,9,3,13
43,13,15,10,15
44,13,6,19,1
45,10,14,14,5
46,17,16,5,13
47,15,14,15,4
48,10,18,5,14
49,19,4,13,4
50,2,5,13,3
51,1,18,6,7
