0
Grid:
20,20
..@..............@..
....@....@..........
.....@@.....@.@.....
....@..............@
....................
....................
.........@@.@.@.@...
...@...@...@@.......
..........@......@..
....@..@....@.......
.....@......@....@@.
......@.............
...@..@.....@.......
..@.@...............
....................
...................@
@..@................
.................@..
................@...
.@..................
Agents:
60
0,2,9,7,16
1,6,11,14,8
2,19,18,4,13
3,2,10,15,6
4,14,8,9,18
5,19,14,14,12
6,10,13,16,1
7,18,0,17,12
8,0,7,2,7
9,7,2,9,8
10,3,11,8,9
11,0,3,8,13
12,10,3,15,8
13,15,8,3,7
14,7,13,3,15
15,8,8,10,2
16,17,8,10,16
17,8,15,11,0
18,14,4,5,13
19,14,0,16,2
20,2,19,4,8
21,9,3,14,6
22,4,12,17,2
23,3,15,17,0
24,2,3,16,18
25,7,8,4,18
26,17,19,17,10
27,19,11,18,5
28,13,1,9,19
29,18,7,8,11
30,17,5,13,9
31,6,1,1,15
32,15,9,9,11
33,11,4,11,7
34,12,2,3,10
35,8,3,4,19
36,9,1,8,0
37,3,9,6,0
38,14,11,17,19
39,3,1,10,13
40,18,12,13,15
41,0,9,14,13
42,11,9,14,11
43,15,3,6,18
44,11,13,11,19
45,2,13,6,19
46,15,7,19,10
47,7,15,1,2
48,0,19,5,4
49,15,4,0,13
50,15,10,12,5
51,16,1,7,18
52,17,16,15,14
53,1,6,0,10
54,18,2,18,14
55,11,14,8,4
56,1,14,12,0
57,18,10,17,13
58,14,6,13,17
59,4,8,8,3
