3
Grid:
20,20
......@........@.@..
......@............@
.................@@@
....................
.@.........@...@....
...................@
...@.@..@.....@.....
.............@......
@....@..............
...@....@@..........
.........@@........@
@...................
....................
..@........@........
.................@..
...@..........@.....
.........@......@...
@...........@.......
.........@.......@..
..@.@.............@.
Agents:
70
0,15,13,12,7
1,15,9,15,8
2,8,2,10,12
3,14,12,17,13
4,2,1,17,7
5,14,8,13,5
6,19,15,0,9
7,19,3,2,1
8,8,18,14,4
9,7,18,2,16
10,9,16,1,4
11,16,13,5,11
12,9,12,16,12
13,9,15,11,2
14,18,6,16,6
15,14,18,19,0
16,13,6,1,14
17,10,13,10,13
18,7,10,12,3
19,13,7,0,7
20,9,17,8,14
21,7,7,11,13
22,14,19,17,2
23,14,15,15,15
24,9,13,0,8
25,3,16,1,10
26,17,2,16,7
27,19,16,1,5
28,12,18,13,7
29,7,15,3,16
30,4,5,11,16
31,16,17,16,4
32,5,0,6,15
33,8,11,3,4
34,19,9,2,15
35,18,14,19,12
36,5,4,12,6
37,8,16,9,4
38,1,11,1,0
39,16,5,9,17
40,10,16,4,16
41,14,10,5,16
42,3,11,4,6
43,0,18,12,1
44,5,1,13,9
45,10,3,19,16
46,17,5,15,10
47,11,9,13,14
48,8,13,8,13
49,2,9,11,5
50,13,9,7,17
51,12,9,11,8
52,7,17,0,12
53,9,10,14,1
54,7,8,15,0
55,5,18,19,14
56,8,17,8,17
57,7,1,0,16
58,4,16,9,0
59,6,16,19,6
60,6,19,10,7
61,8,8,10,3
62,1,7,3,5
63,2,0,17,5
64,18,16,13,13
65,17,13,18,13
66,18,11,7,9
67,11,7,15,11
68,11,17,14,14
69,14,6,15,1
