3
Grid:
20,20
.................@..
@....@....@.........
...@......@.......@@
..............@.....
....................
......@.............
..........@......@.@
....@..........@...@
@..@............@...
......@.@...........
........@.........@.
...........@........
..@.........@..@@...
...@@..............@
....@........@......
..........@.........
.@.....@............
@...................
...@................
...@.@..............
Agents:
54
0,13,17,11,7
1,13,1,17,12
2,14,8,11,2
3,19,16,10,1
4,5,10,12,7
5,18,9,8,7
6,10,19,14,1
7,14,9,13,18
8,5,15,17,17
9,19,11,6,13
10,9,2,15,12
11,12,7,1,12
12,17,17,15,14
13,11,6,17,14
14,18,4,15,7
15,0,11,5,10
16,15,11,3,1
17,13,12,5,17
18,4,3,2,15
19,13,0,18,14
20,1,3,1,14
21,6,3,3,9
22,4,2,17,5
23,9,9,5,0
24,16,3,4,1
25,9,7,3,12
26,18,1,5,8
27,8,10,19,13
28,11,1,1,9
29,4,19,9,10
30,12,14,11,17
31,9,19,12,1
32,16,15,5,16
33,15,1,7,13
34,1,19,10,7
35,10,6,9,15
36,16,8,16,9
37,2,15,16,12
38,7,1,2,2
39,9,15,8,14
40,12,13,4,15
41,3,2,6,1
42,3,17,11,9
43,15,2,4,4
44,10,12,12,14
45,13,5,18,15
46,17,7,9,2
47,12,1,0,11
48,7,7,8,6
49,5,18,5,18
50,11,2,0,19
51,14,0,4,7
52,4,16,10,3
53,14,2,16,18
