1
Grid:
20,20
@.........@.........
.........@.....@....
@...........@.@.@...
..............@.....
.@............@.....
.......@............
.....@..@........@..
..@.......@.@.@@....
...............@....
...................@
....@..........@....
......@..........@..
....................
...@......@@@.@.....
...@................
...............@....
......@.........@...
......@.............
.......@.@........@.
.......@............
Agents:
54
0,5,6,2,8
1,12,19,4,12
2,0,14,9,11
3,16,4,10,12
4,4,19,8,19
5,2,1,1,1
6,14,15,3,9
7,4,6,16,2
8,7,7,11,0
9,19,15,17,4
10,15,13,16,11
11,4,13,10,18
12,11,13,6,1
13,15,2,19,14
14,18,4,1,4
15,16,9,5,13
16,18,3,15,0
17,10,17,13,16
18,4,12,2,4
19,3,1,12,6
20,0,16,14,14
21,12,17,8,8
22,7,13,6,11
23,16,15,18,11
24,10,19,9,17
25,15,6,2,6
26,2,3,15,5
27,4,9,17,1
28,3,10,18,6
29,1,12,7,19
30,10,18,14,2
31,4,0,9,6
32,4,2,14,5
33,9,2,7,5
34,13,15,6,4
35,0,2,19,12
36,8,1,6,3
37,11,0,7,0
38,7,17,10,16
39,1,17,2,10
40,1,7,14,1
41,12,15,11,2
42,8,3,9,0
43,14,0,0,15
44,7,8,19,16
45,5,15,15,14
46,10,7,17,11
47,10,12,11,14
48,12,7,4,4
49,2,2,0,13
50,8,2,13,18
51,4,15,12,4
52,14,17,3,18
53,7,9,1,13
