7
Grid:
20,20
..............@.....
............@.......
@.......@...........
.......@...@@.....@.
......@...@......@..
....................
..@.@.....@.........
.....@@.......@.....
........@......@....
....................
...............@....
....@...........@...
...@.@@.....@.......
......@.............
@...................
...@.@..........@..@
...........@....@...
.@..................
.@..................
.@...@.@..@.........
Agents:
68
0,10,10,15,7
1,11,5,11,5
2,1,19,9,10
3,17,10,0,4
4,4,12,19,14
5,18,8,17,5
6,14,10,2,5
7,14,8,2,2
8,18,13,11,13
9,6,17,3,9
10,5,6,4,1
11,4,15,8,17
12,8,2,15,6
13,10,18,13,8
14,16,1,4,19
15,16,5,13,7
16,4,19,15,1
17,9,1,0,0
18,7,4,17,8
19,16,7,10,13
20,1,17,6,11
21,4,14,8,12
22,0,6,1,0
23,1,3,9,12
24,13,19,2,10
25,8,1,5,3
26,4,2,13,12
27,17,11,14,12
28,8,6,18,0
29,18,19,16,4
30,13,0,5,5
31,14,4,17,7
32,19,19,3,13
33,1,13,17,9
34,14,1,1,7
35,1,6,17,10
36,11,7,19,6
37,17,5,19,11
38,2,1,11,18
39,15,15,3,4
40,8,5,0,17
41,8,17,12,1
42,7,16,7,0
43,7,1,2,17
44,10,13,9,5
45,5,3,13,13
46,2,4,15,11
47,1,8,18,2
48,11,10,1,10
49,9,19,11,3
50,0,3,8,5
51,6,13,12,17
52,16,14,3,2
53,4,16,16,10
54,14,5,0,11
55,19,0,8,0
56,2,19,3,17
57,5,12,18,17
58,3,14,7,18
59,3,17,10,2
60,2,7,3,6
61,9,14,10,11
62,3,19,0,18
63,7,8,1,2
64,19,8,4,14
65,3,9,3,3
66,11,8,13,9
67,15,14,9,15
