9
Grid:
20,20
.............@......
.......@...@...@.@..
.........@..........
...........@........
...............@....
..@...............@.
..................@@
...................@
@.................@.
....................
.@.@................
...@.@.@............
@...................
.@.........@@.....@.
....@...............
........@...........
....@...............
.............@......
.@@@...@@@.@........
..@.......@...@....@
Agents:
52
0,8,14,11,9
1,6,2,4,8
2,6,1,1,16
3,1,10,6,14
4,17,11,10,2
5,2,19,6,2
6,13,15,10,14
7,0,17,10,10
8,4,17,3,17
9,15,2,6,3
10,13,14,17,7
11,8,2,2,5
12,16,12,5,0
13,6,6,12,1
14,5,0,6,11
15,17,5,2,17
16,12,5,7,16
17,15,7,5,11
18,1,8,8,7
19,14,5,9,7
20,18,5,0,17
21,6,7,17,19
22,6,9,0,1
23,5,3,7,0
24,10,0,8,16
25,8,4,6,15
26,0,16,2,3
27,15,13,19,16
28,6,13,3,9
29,14,14,1,3
30,13,17,11,11
31,19,13,5,9
32,15,16,12,13
33,4,7,11,15
34,15,6,11,17
35,7,3,12,6
36,15,5,14,15
37,11,13,12,16
38,4,16,3,15
39,10,2,14,18
40,1,0,13,16
41,0,8,13,8
42,14,9,14,8
43,2,18,8,6
44,3,17,6,8
45,4,12,15,13
46,4,4,10,12
47,8,19,9,17
48,6,10,15,6
49,18,19,10,4
50,13,9,18,18
51,16,17,13,7
