9
Grid:
20,20
..@.@...............
.@......@..@........
.@..................
.......@.....@......
....................
........@...@.....@.
..@..@..@...@.......
.......@..@.........
..........@.....@...
...@................
....................
....@.....@..@......
.......@...@........
................@...
..@.@....@.......@..
...........@......@.
..........@.........
....@.@.....@.......
...@....@...........
..@.............@...
Agents:
62
0,12,8,14,5
1,10,8,11,6
2,12,14,11,14
3,19,4,10,17
4,16,18,16,15
5,7,14,6,3
6,5,1,14,14
7,4,0,10,16
8,4,9,8,1
9,6,0,11,16
10,16,6,19,9
11,18,0,13,18
12,18,17,10,11
13,3,14,3,15
14,13,9,6,1
15,6,11,17,16
16,8,15,13,3
17,17,0,15,9
18,17,7,16,17
19,10,14,17,7
20,2,5,14,1
21,4,11,13,7
22,12,3,12,19
23,9,11,17,13
24,11,17,11,8
25,5,19,9,10
26,10,10,6,15
27,7,15,12,4
28,2,13,7,14
29,0,11,10,7
30,0,0,12,15
31,8,18,4,2
32,16,2,19,13
33,4,10,18,19
34,7,18,19,7
35,5,17,18,12
36,9,1,17,5
37,8,14,14,19
38,19,11,2,9
39,9,19,2,4
40,11,18,19,17
41,10,13,12,8
42,12,1,14,10
43,12,9,16,4
44,4,13,17,11
45,11,12,8,12
46,14,11,11,15
47,15,9,9,13
48,12,6,10,9
49,13,12,7,18
50,1,5,7,4
51,18,15,4,3
52,0,7,5,11
53,2,0,13,1
54,9,10,15,6
55,8,3,1,17
56,9,2,18,0
57,8,5,4,19
58,6,16,7,8
59,12,16,3,3
60,10,4,12,6
61,15,17,9,5
