4
Grid:
20,20
...@................
.....@...@...@...@..
@.............@.....
.@............@.....
....................
..@.....@@....@.....
.....@....@....@@@..
.............@......
...@..........@...@.
....@.............@.
......@......@...@..
....@..@............
@.....@..@....@.....
...................@
....................
........@...........
@...................
@.........@......@..
.@..................
....................
Agents:
64
0,4,0,15,13
1,9,17,3,8
2,3,17,19,18
3,11,17,3,15
4,13,8,5,15
5,14,8,5,16
6,11,19,10,12
7,5,16,18,7
8,3,13,16,13
9,3,11,5,13
10,8,8,0,17
11,4,18,13,5
12,4,2,8,10
13,1,19,17,12
14,3,6,18,13
15,16,11,17,13
16,17,7,5,3
17,2,6,2,11
18,17,9,5,19
19,5,6,10,18
20,0,17,4,0
21,14,7,13,18
22,16,9,11,10
23,2,2,16,14
24,12,11,14,17
25,1,4,9,6
26,13,9,17,9
27,16,14,15,10
28,4,7,19,1
29,1,8,2,10
30,18,18,15,17
31,19,14,9,2
32,7,17,19,6
33,11,11,19,16
34,14,17,0,2
35,0,18,7,19
36,14,5,1,4
37,14,19,8,4
38,18,4,7,17
39,5,12,12,4
40,16,16,0,13
41,10,5,17,5
42,15,16,13,0
43,3,19,11,11
44,6,18,0,15
45,3,3,7,7
46,1,18,19,10
47,12,10,13,10
48,13,7,14,6
49,10,14,8,11
50,18,11,5,18
51,7,5,14,14
52,18,7,14,10
53,7,7,16,5
54,14,4,18,0
55,4,15,16,9
56,1,14,19,19
57,13,0,11,3
58,1,1,16,1
59,11,18,11,8
60,6,12,2,16
61,13,1,13,13
62,2,9,2,7
63,0,12,15,19
