3
Grid:
20,20
....@..@.........@..
@...................
.@@@......@.@.......
..@....@.@...@..@.@.
.....@......@.......
......@.@..@........
...@.@........@.@...
......@.....@...@...
....................
...................@
....................
....................
........@@..........
....................
.@.@................
..................@.
.@.@..............@.
@...@.......@.......
.@..................
....................
Agents:
52
0,3,4,0,9
1,3,15,6,13
2,10,19,12,14
3,14,5,9,10
4,1,5,19,18
5,2,9,4,18
6,6,1,2,11
7,9,7,14,17
8,15,5,5,16
9,15,9,12,10
10,7,19,8,5
11,4,19,9,3
12,9,3,19,7
13,8,16,1,2
14,15,2,19,10
15,19,1,7,8
16,12,1,0,10
17,19,7,13,17
18,17,3,4,17
19,16,2,13,8
20,11,8,3,10
21,18,11,16,10
22,1,9,13,9
23,12,2,10,7
24,16,17,17,10
25,10,11,10,19
26,9,10,4,3
27,10,0,7,1
28,9,4,1,8
29,14,4,8,3
30,1,1,17,18
31,10,12,18,10
32,9,13,9,12
33,18,19,14,15
34,0,13,11,2
35,18,0,6,7
36,10,5,7,18
37,6,2,8,8
38,14,18,3,19
39,4,15,16,12
40,17,5,15,12
41,13,5,14,7
42,17,18,10,2
43,1,17,5,13
44,15,7,4,9
45,0,14,4,15
46,7,13,6,1
47,15,17,9,16
48,3,17,16,13
49,13,9,0,11
50,19,11,8,15
51,13,7,1,12
