2
Grid:
20,20
........@...........
...................@
...@....@......@.@..
....................
@...................
..........@.........
...@...@............
....@......@........
..................@.
.@....@...@.....@...
.@..@.@....@@@@.....
...@.@..............
.......@............
..@............@..@.
......@...........@.
..............@.....
....@...............
...................@
@..@........@...@...
.................@..
Agents:
52
0,9,17,7,17
1,11,15,7,7
2,8,3,11,6
3,17,4,2,1
4,16,6,0,11
5,7,7,1,2
6,2,7,15,12
7,12,13,1,12
8,2,5,19,11
9,12,16,2,2
10,14,5,16,12
11,11,0,4,10
12,7,5,19,16
13,14,2,6,16
14,17,13,6,18
15,1,14,11,11
16,4,13,8,15
17,13,5,7,13
18,0,9,3,19
19,4,1,0,3
20,7,12,14,3
21,5,17,2,12
22,8,8,2,10
23,11,19,18,18
24,5,13,18,19
25,3,13,4,18
26,6,11,17,6
27,2,12,2,14
28,16,11,15,2
29,8,14,17,10
30,2,19,16,0
31,19,16,4,16
32,5,2,12,6
33,11,12,17,12
34,18,18,15,15
35,15,15,3,18
36,7,19,12,12
37,14,14,3,12
38,9,7,9,17
39,7,1,2,7
40,3,8,8,17
41,13,12,1,15
42,4,10,1,3
43,10,0,2,6
44,5,12,8,3
45,19,8,5,9
46,8,0,10,5
47,4,7,4,4
48,16,7,12,3
49,4,16,10,16
50,17,15,17,15
51,4,19,19,1
