6
Grid:
20,20
..@...@.............
....@..@....@@.@....
........@...........
...@.@.........@....
...@................
.......@............
....................
....@....@.........@
......@....@....@...
.@........@.......@.
......@.............
....................
...@................
.......@.@.......@..
.@...@.@............
....@...............
.....@...@..........
....@...@......@@...
........@...@.......
......@.............
Agents:
70
0,3,6,19,0
1,19,3,7,8
2,17,14,6,5
3,15,18,3,8
4,7,5,14,14
5,3,10,19,7
6,18,2,3,11
7,6,0,15,8
8,11,0,2,10
9,8,17,13,8
10,9,0,7,17
11,15,17,13,11
12,19,2,1,16
13,9,12,4,1
14,7,11,7,15
15,7,16,15,14
16,9,6,18,1
17,9,14,10,4
18,16,19,3,14
19,4,19,1,5
20,7,0,2,3
21,8,14,5,9
22,14,0,6,1
23,4,9,4,5
24,17,6,14,0
25,16,18,18,16
26,8,19,17,12
27,15,12,5,8
28,8,15,0,11
29,18,11,2,0
30,5,15,13,6
31,15,10,9,3
32,11,15,9,14
33,11,1,2,15
34,0,14,17,14
35,1,10,2,17
36,16,15,12,9
37,13,14,19,4
38,17,7,12,8
39,7,15,15,15
40,5,1,9,17
41,19,9,7,6
42,8,9,6,7
43,11,16,15,2
44,5,0,11,11
45,13,12,12,18
46,5,18,0,17
47,3,19,12,13
48,8,3,5,2
49,9,3,16,3
50,4,6,18,18
51,2,12,19,9
52,9,16,1,8
53,18,13,17,0
54,17,10,15,18
55,4,10,0,15
56,11,2,9,9
57,6,2,16,17
58,8,0,1,0
59,8,4,13,12
60,1,17,17,6
61,13,15,3,6
62,11,18,15,9
63,18,3,19,5
64,16,12,17,17
65,2,10,11,5
66,7,3,12,12
67,7,1,5,15
68,12,6,17,13
69,13,5,3,18
