1
Grid:
20,20
..@.....@...........
...@.@.....@........
@................@@.
.@.....@....@.......
...................@
............@..@....
................@...
...@.......@.@......
.......@..@.........
..........@..@......
................@.@.
..........@@........
.@.....@.......@....
....................
...............@....
@........@@........@
.........@.@....@...
...................@
.........@@.........
....................
Agents:
68
0,18,11,6,7
1,16,13,19,9
2,14,5,7,0
3,10,15,5,13
4,19,16,3,3
5,19,2,14,16
6,0,10,16,10
7,12,18,11,14
8,15,12,13,2
9,16,4,8,1
10,17,14,18,1
11,11,3,9,18
12,3,18,10,1
13,15,15,16,2
14,5,8,2,13
15,10,19,11,13
16,15,11,16,3
17,3,2,1,13
18,8,6,5,18
19,6,0,10,11
20,0,15,14,17
21,9,11,14,4
22,6,4,12,2
23,5,11,6,15
24,10,14,19,3
25,13,2,15,17
26,1,10,18,6
27,2,8,17,8
28,2,6,0,1
29,19,4,19,14
30,2,3,12,19
31,8,14,0,14
32,7,10,0,15
33,9,19,13,12
34,17,11,17,14
35,10,13,1,8
36,17,16,15,14
37,5,19,18,4
38,3,5,13,15
39,9,15,15,2
40,19,1,8,19
41,6,2,5,4
42,3,8,13,11
43,3,19,14,0
44,1,1,2,6
45,2,15,17,17
46,17,1,18,3
47,14,11,12,12
48,7,14,10,9
49,9,8,4,17
50,13,17,16,12
51,15,8,0,7
52,3,17,9,4
53,14,12,14,1
54,5,5,6,8
55,1,12,2,7
56,4,0,7,15
57,16,17,6,5
58,9,9,0,4
59,10,1,10,7
60,18,4,1,6
61,18,14,13,3
62,11,18,5,3
63,8,11,14,6
64,18,7,10,5
65,13,14,11,9
66,6,10,0,11
67,16,8,0,18
