8
Grid:
20,20
....@...............
..........@.........
....@.......@...@...
.....@........@.....
............@@......
....................
.........@...@......
.@........@...@.....
.............@.@....
............@..@....
...................@
..@........@........
.....@......@....@..
...@....@..........@
.........@....@.....
.@........@.@.......
@...@..............@
....................
@...@........@.....@
@...................
Agents:
58
0,5,7,17,4
1,12,6,14,19
2,7,12,4,0
3,6,5,17,15
4,17,2,2,6
5,5,2,12,13
6,5,12,9,1
7,4,19,15,17
8,14,6,12,2
9,4,16,0,5
10,14,12,16,15
11,6,2,4,14
12,11,7,5,1
13,16,1,9,16
14,17,18,5,11
15,16,2,3,2
16,19,10,15,8
17,14,17,10,15
18,9,10,5,2
19,6,11,6,1
20,13,0,5,10
21,0,18,8,8
22,6,12,19,18
23,16,5,18,7
24,10,12,0,14
25,0,10,9,11
26,19,1,10,17
27,0,19,14,18
28,9,16,15,13
29,4,7,0,9
30,19,3,17,1
31,6,3,15,7
32,6,15,16,7
33,8,6,4,6
34,5,13,11,10
35,12,18,8,10
36,15,4,11,8
37,1,11,3,9
38,1,9,10,4
39,11,12,9,2
40,16,10,4,3
41,14,18,9,9
42,18,2,10,1
43,19,9,12,18
44,19,6,5,17
45,1,13,18,5
46,16,7,8,5
47,1,0,10,10
48,6,14,10,8
49,9,13,6,7
50,12,19,12,0
51,10,16,7,13
52,8,3,10,3
53,19,12,12,11
54,4,11,1,7
55,11,5,12,9
56,6,16,0,6
57,7,17,2,11
