1
Grid:
20,20
............@.......
....................
..........@.@.......
..@@................
............@...@...
....@........@.....@
.........@.@........
..@..@@@............
....................
..@.@.........@.....
....@@.........@....
.....@@..@..@@......
.......@............
....................
....................
....................
....@.........@...@.
.@........@..@......
...@.......@........
......@....@@.....@.
Agents:
62
0,5,1,1,14
1,6,2,6,8
2,2,6,8,14
3,7,10,9,3
4,13,5,17,3
5,14,3,6,6
6,1,6,3,6
7,8,17,1,3
8,3,18,3,14
9,5,16,1,7
10,18,12,4,9
11,17,17,6,7
12,3,4,16,9
13,8,13,5,2
14,13,1,4,15
15,4,3,11,18
16,8,4,13,11
17,5,9,15,7
18,17,3,0,2
19,16,12,8,12
20,11,10,7,15
21,16,11,16,16
22,19,1,14,14
23,0,9,18,13
24,4,7,5,6
25,7,15,15,2
26,13,16,5,7
27,2,9,4,18
28,14,14,0,16
29,13,19,8,10
30,1,4,17,19
31,8,18,19,5
32,12,16,13,12
33,8,9,3,9
34,16,6,14,13
35,0,6,1,4
36,1,11,12,15
37,5,7,2,8
38,12,3,8,15
39,16,16,10,1
40,6,18,13,0
41,16,1,0,6
42,1,0,18,0
43,0,2,18,9
44,9,11,12,13
45,2,0,7,19
46,10,12,6,17
47,19,8,7,16
48,14,1,12,18
49,14,7,18,17
50,14,10,7,4
51,1,9,3,11
52,3,5,16,6
53,18,10,2,16
54,1,1,8,17
55,0,17,13,19
56,11,7,2,3
57,9,13,3,8
58,17,9,9,12
59,8,5,14,12
60,18,8,13,17
61,13,4,4,10
