9
Grid:
20,20
.........@..........
....................
@..........@......@.
.@..................
......@@............
....................
...@..@@.@.....@....
....@@.........@.@.@
....@....@..........
@.....@.............
....@......@........
....................
.@...@..............
.....@.....@........
@..@.....@....@.....
.....@.....@....@@..
........@...........
.........@..........
....................
.........@...@.@....
Agents:
70
0,15,18,5,19
1,18,10,3,10
2,11,7,17,8
3,17,5,10,16
4,11,10,13,0
5,12,6,11,16
6,15,13,11,13
7,1,7,17,10
8,10,13,17,17
9,1,15,6,2
10,10,0,9,7
11,18,2,1,17
12,9,14,17,0
13,5,7,16,17
14,9,13,17,6
15,10,16,9,19
16,4,3,8,7
17,3,7,1,15
18,13,17,14,17
19,12,19,18,8
20,13,8,4,3
21,10,6,7,6
22,7,7,11,15
23,7,14,15,14
24,19,16,11,17
25,1,16,6,10
26,2,9,19,2
27,9,15,1,6
28,0,18,11,7
29,2,4,1,14
30,2,6,13,10
31,15,0,16,9
32,6,0,13,3
33,10,9,0,16
34,14,2,12,4
35,5,9,14,10
36,1,6,1,0
37,19,18,9,8
38,16,14,1,3
39,6,5,5,9
40,3,14,10,5
41,17,14,2,2
42,8,18,4,12
43,5,12,19,10
44,12,0,3,0
45,8,14,16,14
46,5,3,11,4
47,7,6,3,14
48,0,8,12,8
49,3,16,5,18
50,18,14,12,16
51,10,12,5,10
52,5,0,13,19
53,4,11,11,2
54,11,0,5,3
55,17,19,13,2
56,18,18,12,15
57,1,10,3,5
58,1,19,1,1
59,6,19,2,10
60,15,9,5,5
61,13,0,16,2
62,14,19,7,8
63,13,1,6,18
64,1,11,16,16
65,19,10,7,13
66,11,16,18,14
67,11,6,14,5
68,8,1,1,7
69,10,5,0,17
