4
Grid:
20,20
....................
...........@......@.
@..@................
....................
............@.......
.......@.@..........
@.....@........@...@
..@.@...............
.............@......
..................@.
@...@...............
@.....@@......@.@...
..@@........@.......
.......@....@.......
.@.@............@.@.
...@..@.............
..........@.........
....................
..@....@...@........
.@...........@...@..
Agents:
54
0,9,0,6,2
1,1,15,5,3
2,3,7,6,8
3,0,9,9,15
4,11,12,11,8
5,1,13,16,13
6,17,11,2,17
7,6,5,19,4
8,8,16,17,9
9,3,1,7,16
10,10,7,6,5
11,11,19,12,18
12,4,8,16,3
13,7,5,16,0
14,18,18,18,15
15,4,18,1,15
16,12,13,1,8
17,6,12,0,16
18,17,3,13,1
19,11,5,1,6
20,10,2,4,7
21,1,0,9,1
22,17,2,12,10
23,12,4,8,11
24,8,17,8,4
25,3,19,15,13
26,19,4,18,5
27,0,1,6,17
28,9,9,10,2
29,3,0,12,15
30,7,18,5,1
31,5,2,2,16
32,9,12,7,9
33,15,15,1,0
34,10,13,16,18
35,8,0,5,2
36,9,4,9,10
37,16,8,9,3
38,18,3,10,19
39,10,5,2,6
40,13,13,12,9
41,9,6,15,19
42,14,7,5,17
43,1,7,15,0
44,12,5,2,9
45,3,8,8,14
46,0,11,14,6
47,18,12,16,14
48,16,18,9,17
49,6,16,13,19
50,14,14,16,11
51,9,3,13,9
52,9,14,17,11
53,8,12,19,9
