1
Grid:
20,20
..@.....@...@.......
....................
....@@..............
......@.............
.........@..@..@...@
.............@......
.....@...@..@.@.....
.@...............@..
.......@............
.........@@....@..@.
.....@..............
....@...@.....@.....
..@.................
........@..@......@.
.......@............
..........@.........
.........@..........
.........@...@......
.............@.@.@..
......@..........@..
Agents:
66
0,18,18,8,17
1,4,5,17,17
2,5,5,18,16
3,6,7,12,12
4,14,12,16,18
5,4,18,18,1
6,8,10,3,0
7,4,1,8,9
8,9,14,10,16
9,6,17,9,12
10,7,19,10,0
11,8,16,2,11
12,13,9,15,8
13,10,12,17,14
14,11,5,8,3
15,2,0,6,0
16,7,5,4,0
17,8,17,15,11
18,4,10,7,6
19,19,1,7,4
20,9,13,18,2
21,8,3,10,2
22,18,4,16,6
23,3,3,19,0
24,17,5,10,10
25,13,5,6,8
26,13,6,14,15
27,8,15,3,13
28,19,19,8,12
29,18,10,7,2
30,6,4,0,3
31,12,16,17,10
32,10,14,13,5
33,5,10,18,11
34,13,17,5,16
35,3,1,5,3
36,8,18,8,16
37,3,19,4,11
38,16,13,1,13
39,12,13,19,2
40,14,9,16,10
41,4,8,4,17
42,17,18,7,8
43,16,18,16,4
44,5,11,10,17
45,15,2,10,6
46,1,3,3,2
47,14,19,11,10
48,11,1,12,9
49,10,8,9,13
50,5,0,9,8
51,16,8,6,15
52,5,12,15,2
53,0,6,12,17
54,0,19,3,1
55,5,2,0,19
56,16,15,4,1
57,10,7,15,15
58,1,18,11,11
59,12,11,4,4
60,6,6,2,16
61,17,0,13,19
62,4,17,6,17
63,1,11,14,19
64,1,12,8,2
65,2,7,19,13
