8
Grid:
20,20
....................
.............@......
.......@.@.....@....
....................
..@.................
.....@@...@.........
.......@......@.....
....@...........@..@
....@...........@..@
...@..............@.
.@.....@..@.@..@....
........@.@.....@...
@...................
@..........@........
........@@..........
..@........@........
.@..@@..............
....................
..........@.........
@.................@@
Agents:
66
0,14,3,16,16
1,0,7,4,18
2,3,5,7,5
3,15,5,9,9
4,14,2,3,1
5,9,14,0,11
6,11,2,14,4
7,4,19,15,15
8,1,18,18,19
9,17,6,12,2
10,13,1,5,9
11,10,5,0,9
12,15,17,10,4
13,10,8,0,13
14,0,15,3,11
15,4,3,6,4
16,2,3,9,13
17,10,11,3,4
18,19,6,18,5
19,1,10,1,1
20,15,1,6,3
21,9,19,4,5
22,13,8,1,15
23,10,18,9,5
24,16,0,1,3
25,15,10,18,11
26,0,12,9,14
27,13,15,3,9
28,18,14,15,6
29,12,15,4,8
30,0,18,6,13
31,15,13,8,5
32,2,4,10,8
33,0,0,5,1
34,9,2,13,2
35,3,19,9,12
36,5,15,16,2
37,4,1,15,5
38,18,1,2,5
39,19,4,12,18
40,8,12,2,13
41,2,17,0,18
42,18,4,17,18
43,7,7,5,15
44,18,0,12,3
45,9,11,1,14
46,12,7,18,4
47,16,11,4,3
48,19,15,7,12
49,8,13,8,3
50,17,18,8,17
51,0,16,18,18
52,10,17,19,9
53,3,18,19,8
54,16,13,17,0
55,1,9,11,0
56,19,5,15,16
57,10,14,8,13
58,11,4,4,13
59,9,10,13,19
60,4,7,15,14
61,4,13,18,3
62,12,3,5,16
63,9,4,9,11
64,14,4,16,10
65,17,7,0,12
