7
Grid:
20,20
........@@....@.....
....................
..@@................
..........@.........
..................@.
....................
......@.....@...@@..
.@..................
....@.....@.........
....................
..............@@..@.
.@.@@@.....@........
@.....@.............
....................
..@@......@.@...@..@
....................
........@....@......
......@@...@........
.@@................@
....@...........@...
Agents:
60
0,13,11,10,9
1,11,16,16,1
2,15,4,2,14
3,7,19,7,10
4,9,3,16,18
5,15,14,19,2
6,2,4,18,14
7,7,9,7,5
8,16,0,12,18
9,12,5,9,5
10,17,13,0,11
11,0,13,1,15
12,7,17,3,8
13,19,14,5,7
14,12,18,1,10
15,8,19,14,9
16,16,16,17,16
17,13,9,0,2
18,2,6,13,5
19,3,18,18,7
20,1,7,15,3
21,9,4,6,1
22,1,15,13,19
23,15,13,6,5
24,8,17,5,11
25,11,8,15,18
26,14,17,19,1
27,16,1,8,11
28,17,10,0,1
29,19,15,15,0
30,6,2,7,11
31,7,10,7,6
32,16,7,9,3
33,18,4,5,15
34,13,14,15,19
35,3,9,18,12
36,3,16,15,15
37,12,11,2,4
38,9,2,18,9
39,18,18,8,13
40,10,11,2,17
41,8,7,13,4
42,2,15,6,8
43,13,0,13,13
44,9,12,6,13
45,18,5,18,11
46,15,3,9,9
47,5,5,11,18
48,8,6,1,13
49,1,16,14,11
50,5,14,14,18
51,8,0,19,0
52,13,17,5,3
53,15,0,11,16
54,15,17,14,15
55,13,10,2,9
56,17,14,3,9
57,2,12,8,19
58,1,10,9,15
59,3,7,19,11
