7
Grid:
20,20
............@@......
.......@@...........
..@.........@@......
....................
..........@.........
.....@............@.
...@..............@.
....@...............
.................@..
.....@...@.@.@@...@.
.@.........@........
.......@............
.......@@.......@...
............@.@..@..
..................@.
..@@................
........@@..@.......
................@...
...@.....@..........
...........@..@.....
Agents:
64
0,0,7,9,17
1,6,16,19,1
2,6,11,5,3
3,9,6,11,5
4,5,13,11,16
5,15,4,16,18
6,16,4,18,19
7,14,12,0,3
8,17,2,16,3
9,12,6,3,3
10,15,13,9,19
11,15,10,4,15
12,5,16,2,17
13,18,6,6,8
14,10,16,12,19
15,4,9,11,1
16,6,5,6,15
17,10,17,10,8
18,13,16,3,1
19,17,19,16,5
20,0,14,14,7
21,13,15,0,16
22,19,1,15,11
23,0,0,1,17
24,11,9,15,8
25,16,15,8,19
26,10,10,18,2
27,13,2,15,1
28,2,19,7,7
29,19,6,14,1
30,17,9,8,16
31,2,0,17,10
32,11,5,18,16
33,13,19,3,14
34,16,16,11,18
35,2,3,18,13
36,7,13,8,2
37,16,10,2,5
38,18,17,14,5
39,8,15,4,12
40,6,1,16,15
41,13,10,17,0
42,16,1,6,17
43,14,6,2,15
44,19,0,10,14
45,19,12,7,1
46,12,0,2,19
47,5,19,10,12
48,7,9,16,16
49,15,18,7,12
50,9,12,7,14
51,3,8,6,10
52,8,0,11,19
53,11,3,13,7
54,19,8,18,8
55,14,17,3,5
56,0,1,18,7
57,10,5,0,10
58,4,8,7,17
59,13,4,7,11
60,15,5,16,7
61,0,3,12,13
62,17,5,0,15
63,8,11,6,7
