2
Grid:
20,20
........@.........@@
..@.@...............
@.........@.....@.@.
@...................
@...................
........@...........
....................
.....@..............
....................
....................
..@..............@.@
...@.@.......@......
.................@..
.......@..@@........
......@.............
......@.............
...@............@@..
........@........@.@
......@...@...@..@..
..@.........@.@.@..@
Agents:
62
0,15,14,8,12
1,16,15,8,17
2,16,2,13,9
3,15,5,5,14
4,14,4,15,2
5,4,11,19,1
6,15,2,6,13
7,0,17,9,7
8,6,16,18,15
9,3,16,14,5
10,1,1,4,8
11,19,11,18,9
12,10,7,3,1
13,18,3,1,16
14,1,11,7,10
15,4,15,9,14
16,5,11,13,0
17,11,17,8,0
18,5,17,17,9
19,15,13,9,6
20,13,4,15,19
21,5,2,5,11
22,5,3,4,9
23,13,9,6,18
24,13,15,18,7
25,16,4,4,6
26,12,8,3,13
27,7,11,12,5
28,7,6,8,11
29,10,4,4,10
30,9,9,14,8
31,12,11,11,15
32,10,14,19,4
33,17,6,18,3
34,10,3,1,7
35,5,5,19,0
36,18,5,1,9
37,1,15,15,16
38,17,13,4,1
39,8,14,18,12
40,16,9,6,2
41,18,1,9,9
42,10,9,19,3
43,2,9,18,16
44,15,15,4,15
45,9,14,8,16
46,12,18,16,6
47,12,16,5,19
48,8,10,15,5
49,10,10,4,17
50,6,6,0,3
51,6,11,14,4
52,13,13,0,12
53,2,19,6,17
54,12,2,5,13
55,12,9,17,3
56,12,15,9,17
57,3,9,3,6
58,10,6,18,0
59,6,3,8,9
60,1,5,6,5
61,18,12,5,6
