3
Grid:
20,20
........@.......@..@
.................@..
@...........@.......
..@.................
.........@.@........
..@..@.....@..@.....
.................@.@
...@................
.....@@....@@...@...
................@.@.
......@............@
..........@.........
.........@@.........
....................
....................
....................
.....@.......@@.@.@.
.......@@....@.@....
....................
..........@@.....@..
Agents:
60
0,15,12,17,19
1,3,11,15,9
2,19,4,5,3
3,15,10,1,2
4,0,3,12,5
5,18,10,19,3
6,19,6,4,16
7,3,12,14,10
8,9,9,16,6
9,13,16,10,1
10,4,2,11,16
11,17,10,17,11
12,8,15,4,0
13,12,16,14,12
14,9,1,0,13
15,18,16,13,14
16,3,18,2,11
17,16,8,18,7
18,11,1,4,14
19,15,15,0,0
20,4,17,2,10
21,6,18,0,10
22,10,7,17,4
23,7,0,14,18
24,14,8,8,7
25,16,0,18,13
26,17,4,8,13
27,14,17,4,6
28,11,2,14,6
29,2,5,13,7
30,15,1,17,5
31,17,12,12,1
32,1,10,10,5
33,15,5,5,1
34,18,19,6,11
35,16,1,18,11
36,11,14,3,4
37,11,16,18,9
38,14,2,17,18
39,5,15,15,19
40,17,6,1,19
41,4,7,18,10
42,5,3,19,7
43,15,13,17,2
44,15,9,4,13
45,9,13,9,7
46,1,14,17,14
47,14,1,14,15
48,4,6,9,4
49,3,15,8,9
50,19,12,1,16
51,1,15,6,9
52,11,8,15,18
53,14,18,12,6
54,6,14,11,14
55,6,6,11,0
56,12,8,19,6
57,0,11,9,0
58,13,0,17,6
59,13,3,7,1
