8
Grid:
20,20
........@.......@...
............@.......
.....@..............
@........@..........
....................
....@.......@....@@.
........@...@.......
..@...@........@....
@.......@....@@..@..
...@.............@..
@@.......@........@.
........@......@....
.@..................
...............@....
....................
....................
@@.....@.@.@..@..@..
....................
...................@
....@.........@.....
Agents:
54
0,13,1,16,8
1,18,8,1,14
2,10,6,3,5
3,17,18,8,7
4,19,7,0,13
5,11,16,8,19
6,14,6,6,19
7,12,11,2,2
8,14,8,17,6
9,17,8,13,18
10,2,1,7,17
11,18,17,9,6
12,13,12,19,1
13,14,14,3,8
14,12,14,0,1
15,4,8,12,15
16,1,15,5,11
17,1,11,0,2
18,2,12,5,7
19,1,13,19,15
20,2,10,14,13
21,8,19,13,1
22,1,0,17,14
23,11,7,14,3
24,4,11,16,16
25,14,18,8,18
26,4,5,10,15
27,14,16,15,11
28,11,6,6,16
29,4,17,18,1
30,12,17,3,18
31,6,5,6,9
32,6,10,1,9
33,3,18,11,19
34,15,0,18,7
35,13,14,3,4
36,3,17,18,15
37,2,3,8,1
38,18,6,13,12
39,8,12,12,12
40,2,16,11,4
41,5,10,19,11
42,6,3,6,14
43,14,5,17,5
44,0,14,14,18
45,8,4,10,4
46,5,14,13,9
47,8,10,14,14
48,2,9,0,19
49,12,2,14,0
50,2,14,0,15
51,5,15,13,3
52,15,3,13,14
53,7,0,10,12
