9
Grid:
20,20
....@...@@..@...@...
.......@............
..@.....@......@.@..
...........@.....@..
...................@
.@..................
..@..@@.............
..................@.
.....@..........@...
.......@.........@..
....................
..................@.
...@................
.@..@@..............
.......@............
.............@......
..............@.....
..@@......@.........
@....@.........@....
...@..@...@.....@...
Agents:
66
0,3,14,9,5
1,17,13,8,2
2,3,0,13,15
3,8,17,5,9
4,6,16,10,1
5,17,11,10,17
6,19,0,0,1
7,16,3,12,9
8,5,17,2,9
9,14,19,4,16
10,10,12,15,7
11,10,8,8,4
12,6,17,1,1
13,9,2,9,2
14,4,0,3,14
15,1,0,16,16
16,10,4,1,2
17,17,5,15,9
18,16,17,9,10
19,0,6,13,16
20,5,18,1,15
21,3,1,4,4
22,19,17,10,15
23,7,6,8,12
24,2,10,19,7
25,10,0,13,18
26,11,9,11,0
27,10,19,12,19
28,9,16,16,3
29,18,11,2,0
30,5,0,5,12
31,1,17,17,9
32,19,4,5,16
33,13,14,3,8
34,2,7,11,7
35,2,6,1,12
36,14,16,17,12
37,13,6,3,2
38,9,1,4,2
39,18,1,17,1
40,4,6,16,0
41,3,7,17,14
42,11,7,4,15
43,4,2,13,10
44,18,18,2,16
45,16,15,18,11
46,17,4,7,14
47,15,1,0,15
48,3,15,6,9
49,18,16,0,6
50,14,11,4,11
51,16,8,8,18
52,6,14,18,7
53,7,17,6,15
54,5,11,3,16
55,10,16,18,18
56,17,7,0,2
57,4,15,14,10
58,14,5,1,9
59,10,17,3,7
60,14,2,13,17
61,19,9,15,17
62,11,10,14,18
63,5,16,10,11
64,18,9,14,1
65,7,12,6,13
