4
Grid:
20,20
.........@.@........
..............@....@
....................
..............@.@...
.........@..........
.................@..
................@...
.............@..@...
.@............@.@...
@....@.....@..@.....
@@..................
...@........@.@.....
.......@...@@.....@.
.@...@.............@
....................
...@@.............@.
.@.....@............
....@..........@@...
....................
.............@..@...
Agents:
70
0,18,7,14,15
1,0,12,2,7
2,19,6,7,1
3,4,15,3,12
4,12,2,9,4
5,2,1,11,1
6,6,15,9,3
7,3,6,16,5
8,18,13,5,15
9,11,2,13,4
10,0,1,2,16
11,2,3,12,17
12,11,16,15,0
13,7,19,10,16
14,4,2,9,17
15,1,0,12,10
16,12,9,4,0
17,0,10,10,2
18,19,18,2,18
19,13,10,9,6
20,6,5,0,6
21,10,16,15,19
22,8,3,2,3
23,2,19,8,5
24,9,16,10,6
25,15,7,4,12
26,7,12,4,18
27,17,18,1,9
28,12,1,14,5
29,12,6,12,14
30,6,7,6,11
31,1,17,4,5
32,16,6,5,3
33,6,11,14,7
34,11,1,8,9
35,0,2,18,13
36,1,12,13,18
37,12,13,14,0
38,0,4,3,4
39,6,6,5,2
40,0,15,10,12
41,18,4,12,5
42,12,3,13,0
43,13,13,14,10
44,16,14,18,11
45,17,2,12,1
46,11,17,8,18
47,19,8,12,16
48,0,16,0,16
49,1,15,6,5
50,17,9,14,13
51,0,19,3,7
52,13,9,4,3
53,14,2,5,11
54,12,17,15,17
55,13,12,1,13
56,13,2,15,2
57,18,17,15,15
58,4,6,17,19
59,4,18,16,18
60,1,3,5,18
61,4,7,14,12
62,3,10,16,15
63,5,5,15,11
64,17,8,0,0
65,3,12,2,13
66,10,3,3,11
67,19,14,2,11
68,5,18,18,4
69,14,17,5,10
