0
Grid:
20,20
@.................@.
..@.....@...........
...@....@.....@.....
...@.............@..
................@...
..@.........@.....@.
...@......@.........
....................
..................@.
@.........@@.@......
.............@......
....................
.@..................
.....@.....@.......@
......@.............
@@.@.....@..@.....@.
.....@.......@.@....
..@................@
.......@......@.....
...................@
Agents:
56
0,8,14,16,4
1,6,9,12,16
2,11,18,5,9
3,17,16,12,18
4,19,4,1,1
5,17,14,4,5
6,5,6,16,19
7,12,7,15,7
8,18,3,0,4
9,19,14,2,7
10,3,10,3,8
11,9,5,5,14
12,1,12,13,17
13,12,5,9,1
14,10,12,7,12
15,1,0,8,0
16,19,18,6,13
17,14,9,11,8
18,7,16,8,3
19,3,6,13,0
20,5,15,16,7
21,8,19,10,10
22,5,17,6,6
23,2,5,8,16
24,2,2,18,16
25,10,16,1,4
26,0,6,11,19
27,16,4,4,0
28,3,14,9,16
29,13,4,7,19
30,6,14,17,11
31,13,9,6,12
32,15,2,8,13
33,10,10,11,5
34,5,14,4,6
35,12,14,15,13
36,0,12,7,14
37,10,15,17,6
38,17,17,16,1
39,7,17,9,14
40,9,1,17,16
41,0,19,14,11
42,4,0,19,9
43,12,6,16,6
44,1,19,5,4
45,11,6,19,12
46,8,13,9,7
47,11,9,14,7
48,14,1,11,14
49,14,16,17,8
50,7,9,13,13
51,6,15,10,6
52,2,10,7,16
53,7,2,8,10
54,0,4,7,6
55,11,14,19,11
