0
Grid:
20,20
......@@............
.@..........@.......
.......@............
.@.........@........
@..@.@.......@......
@....@.@......@.@@.@
.......@............
.@..@...@...........
@..................@
..............@.@@..
................@...
.@..................
....................
.................@..
............@.......
@............@@.....
..........@..@.....@
....@...............
....................
..........@......@..
Agents:
52
0,0,13,2,19
1,3,10,15,16
2,2,10,7,19
3,18,17,15,11
4,17,10,12,10
5,4,18,6,13
6,10,4,14,18
7,6,19,2,11
8,19,19,14,8
9,5,9,11,15
10,17,0,17,19
11,4,14,12,4
12,10,14,15,1
13,2,11,15,2
14,15,7,18,1
15,13,15,1,10
16,14,17,2,2
17,12,10,5,8
18,4,10,0,12
19,3,6,17,14
20,15,16,15,15
21,9,3,16,2
22,1,4,19,12
23,2,2,15,6
24,6,6,10,12
25,8,9,10,1
26,14,5,18,3
27,4,15,8,16
28,9,9,2,13
29,6,9,10,10
30,15,15,9,8
31,6,10,5,12
32,5,8,4,4
33,5,2,3,12
34,15,18,19,2
35,9,13,10,19
36,18,14,1,11
37,8,3,10,3
38,6,2,13,6
39,12,9,9,10
40,2,0,16,18
41,13,12,8,6
42,17,13,11,0
43,6,11,4,17
44,14,0,14,5
45,12,0,6,11
46,4,16,5,11
47,16,1,7,15
48,16,17,6,12
49,16,14,10,6
50,0,3,19,5
51,18,19,9,7
