4
Grid:
20,20
........@...........
..........@......@@.
......@...........@.
...@......@......@@.
.............@......
.....@.........@.@.@
.............@....@.
....................
.....@.@............
...........@.@......
....................
@......@.......@....
...@.............@..
.......@...@........
....................
.@@........@........
@...................
.@...............@..
................@...
...@..@...@..@...@..
Agents:
60
0,9,5,18,11
1,17,3,19,1
2,17,15,3,14
3,8,13,3,12
4,3,14,10,8
5,15,0,12,8
6,11,3,4,1
7,0,2,5,6
8,11,8,17,6
9,19,5,2,7
10,13,3,4,0
11,16,9,13,2
12,14,4,14,10
13,14,0,8,1
14,12,2,17,8
15,15,16,10,2
16,18,15,17,12
17,10,9,18,18
18,0,14,7,7
19,6,10,2,2
20,6,2,9,12
21,11,6,10,19
22,2,0,11,3
23,18,19,1,0
24,19,18,5,11
25,15,5,3,16
26,6,11,14,1
27,18,2,18,3
28,9,8,9,16
29,13,2,8,10
30,7,17,2,3
31,12,6,16,2
32,6,9,0,15
33,9,19,9,2
34,18,9,17,9
35,3,11,11,9
36,8,19,9,14
37,0,15,1,11
38,18,18,17,4
39,16,11,18,14
40,14,13,12,14
41,9,17,16,3
42,16,4,14,2
43,15,14,15,0
44,12,8,17,2
45,13,15,8,3
46,13,9,19,0
47,10,19,1,12
48,0,5,18,12
49,1,14,11,17
50,3,19,11,2
51,16,3,4,10
52,8,18,5,7
53,4,8,6,6
54,17,7,6,4
55,19,11,12,16
56,12,19,5,12
57,16,14,15,13
58,6,17,7,16
59,12,4,6,9
