9
Grid:
20,20
..@..........@......
..@.....@...........
....................
.....@.@............
..........@...@..@..
@..............@....
....@.........@@..@.
@...@......@........
...@.@..............
.........@..........
@.....@.@...........
..@.................
.....@.@....@.......
...........@..@.....
.......@.........@..
..................@.
......@.@.........@.
...................@
.......@............
.@................@.
Agents:
68
0,18,2,1,7
1,11,0,18,4
2,0,14,19,10
3,10,1,2,16
4,3,3,17,7
5,2,17,3,4
6,12,6,9,10
7,0,7,10,13
8,19,11,3,10
9,5,8,0,10
10,19,9,9,15
11,12,8,1,15
12,6,8,13,0
13,2,5,10,2
14,9,18,1,0
15,0,3,16,13
16,0,11,15,17
17,3,9,13,2
18,10,2,0,9
19,2,11,5,13
20,15,14,0,17
21,9,13,6,10
22,19,13,12,0
23,7,10,14,18
24,17,3,2,17
25,0,10,19,7
26,14,1,13,1
27,19,17,15,11
28,13,3,16,2
29,3,13,2,0
30,7,8,12,10
31,7,1,4,0
32,14,18,17,10
33,18,12,9,16
34,15,9,12,15
35,6,16,18,19
36,11,10,3,13
37,6,0,16,5
38,6,9,6,7
39,9,0,4,4
40,14,9,6,0
41,3,4,2,18
42,17,11,19,12
43,17,0,14,10
44,10,19,3,9
45,5,10,4,6
46,5,6,12,3
47,12,14,11,6
48,17,12,3,3
49,16,3,9,13
50,3,2,11,3
51,5,9,12,13
52,11,17,18,11
53,2,2,7,12
54,6,17,19,5
55,19,6,9,2
56,0,1,16,9
57,0,17,17,4
58,1,15,11,19
59,4,15,4,16
60,10,4,14,5
61,3,14,14,6
62,12,0,14,4
63,18,11,12,16
64,18,8,18,2
65,11,18,2,6
66,19,4,9,18
67,13,15,8,7
