7
Grid:
20,20
.........@..........
...@................
..@@................
.@...@..@...@...@...
......@..@........@@
...@........@......@
....................
.....@...@@.........
@.......@...........
....................
.@..................
@...................
...@.@@...@...@....@
.@..................
.........@....@@....
................@...
....................
.............@....@.
@................@..
............@@......
Agents:
52
0,16,19,12,16
1,4,4,19,14
2,9,13,11,14
3,15,12,13,10
4,6,8,5,15
5,1,11,17,4
6,12,15,2,17
7,16,13,3,18
8,3,13,6,7
9,18,8,10,15
10,15,19,5,8
11,0,6,8,12
12,5,6,17,15
13,11,18,18,5
14,15,8,14,18
15,8,12,8,13
16,14,4,11,1
17,19,16,6,1
18,8,10,10,8
19,15,0,0,15
20,17,15,16,1
21,16,1,14,12
22,9,2,8,5
23,3,3,10,6
24,15,3,19,19
25,1,16,15,2
26,9,9,4,12
27,12,7,2,19
28,16,9,4,16
29,1,5,14,17
30,9,18,5,5
31,0,8,7,0
32,17,7,0,1
33,4,12,9,19
34,9,5,16,13
35,13,15,15,5
36,2,5,5,18
37,9,3,12,12
38,16,8,17,17
39,12,4,14,4
40,15,9,16,11
41,4,1,17,14
42,13,14,14,6
43,11,9,3,0
44,14,8,1,19
45,6,3,18,9
46,18,3,10,10
47,14,16,3,4
48,2,13,4,11
49,7,6,19,0
50,12,13,19,7
51,10,17,6,4
