7
Grid:
20,20
..@.........@..@....
@.......@.......@...
@........@..........
..............@..@@.
........@........@..
................@...
....................
...............@....
.......@........@...
...................@
..............@..@.@
............@.@.....
...........@.@@.....
......@....@....@.@.
..@.................
@.............@.....
...................@
.@..................
@....@............@.
...........@......@.
Agents:
58
0,15,6,6,8
1,14,18,13,7
2,2,14,15,18
3,13,0,1,2
4,7,0,2,19
5,8,6,6,1
6,17,15,16,13
7,13,2,9,10
8,19,13,17,15
9,9,1,12,2
10,5,13,13,1
11,7,4,14,8
12,9,15,13,13
13,10,12,19,7
14,1,9,6,16
15,3,0,9,1
16,13,10,19,6
17,11,2,16,1
18,2,8,11,15
19,5,6,8,3
20,16,6,5,9
21,8,18,18,14
22,17,17,14,14
23,19,14,9,6
24,12,9,6,0
25,6,8,15,4
26,11,11,11,19
27,10,15,16,12
28,4,7,8,8
29,15,10,10,5
30,1,19,0,5
31,10,3,10,2
32,7,8,11,18
33,8,8,15,15
34,8,2,17,17
35,11,19,13,14
36,19,3,14,9
37,3,3,3,2
38,12,2,1,5
39,3,7,11,11
40,7,14,11,17
41,9,2,8,13
42,19,15,3,9
43,18,14,1,1
44,5,17,8,9
45,16,4,18,3
46,10,9,2,17
47,9,10,1,9
48,5,9,6,11
49,17,6,15,3
50,9,8,13,8
51,12,6,9,18
52,12,0,8,4
53,15,13,2,3
54,7,13,6,4
55,11,16,13,9
56,9,6,6,18
57,18,6,8,5
