7
Grid:
20,20
........@.......@...
....................
............@.......
..@..@..............
.........@......@...
@...................
..@..@............@.
.......@............
@...................
..@........@......@.
.@.........@.@......
..........@.........
.......@.......@....
...........@.@.....@
...@........@.....@.
............@...@...
..................@.
.@@......@..........
.@......@.@.........
.@@..@..............
Agents:
54
0,15,2,16,0
1,12,9,12,1
2,0,0,10,6
3,18,0,11,14
4,1,8,11,17
5,10,6,0,17
6,2,17,12,2
7,16,1,15,8
8,16,9,13,0
9,7,16,14,8
10,18,19,1,12
11,8,17,19,4
12,16,7,9,0
13,17,18,2,18
14,18,12,6,15
15,5,1,16,9
16,3,3,8,16
17,13,14,16,17
18,13,6,15,3
19,1,15,12,13
20,8,18,9,9
21,8,16,19,15
22,14,15,9,17
23,13,12,6,0
24,3,19,8,7
25,11,1,8,1
26,7,9,12,3
27,11,14,12,6
28,16,13,18,19
29,18,6,2,14
30,15,0,19,8
31,16,15,7,12
32,10,10,19,18
33,7,2,0,2
34,16,3,8,12
35,3,9,5,12
36,10,0,0,0
37,11,18,8,17
38,0,12,8,5
39,16,0,0,12
40,8,1,19,12
41,9,14,11,4
42,11,13,8,10
43,9,1,4,8
44,13,8,14,15
45,4,4,0,5
46,5,2,17,13
47,7,10,0,11
48,1,16,4,14
49,1,0,13,7
50,5,12,17,15
51,5,14,14,5
52,6,15,8,13
53,9,7,4,17
