8
Grid:
20,20
.......@@....@......
@..@..............@.
....................
...@.@..............
....................
...............@@...
.....@..............
@....@..........@.@.
.........@...@......
......@@@...........
.@.@...@............
...........@@...@...
....................
....................
.@....@...@....@....
....@@......@.......
......@....@........
.....@.....@.@......
.....@.............@
....................
Agents:
62
0,4,10,2,19
1,0,18,3,10
2,13,10,15,2
3,4,7,18,14
4,2,4,16,13
5,19,5,1,12
6,12,11,16,0
7,11,3,15,7
8,19,19,7,11
9,11,6,11,0
10,7,14,15,17
11,6,17,0,6
12,13,19,14,17
13,9,16,8,1
14,10,10,19,18
15,17,8,4,12
16,12,1,12,9
17,2,9,6,16
18,12,13,6,0
19,18,0,13,10
20,18,13,12,5
21,6,13,8,11
22,5,3,4,16
23,16,15,13,18
24,13,6,15,10
25,5,9,2,11
26,3,2,4,8
27,4,13,12,12
28,16,12,13,7
29,7,11,19,19
30,8,1,3,7
31,10,5,3,9
32,1,11,8,19
33,8,14,8,15
34,12,9,7,2
35,2,13,7,15
36,1,7,3,6
37,5,8,0,15
38,16,13,10,6
39,6,10,18,15
40,8,4,16,19
41,19,10,13,19
42,16,14,11,15
43,5,13,5,18
44,10,6,5,17
45,6,12,6,2
46,15,2,15,11
47,8,11,16,1
48,0,10,1,11
49,10,14,15,14
50,5,12,5,11
51,10,19,9,10
52,13,15,5,5
53,15,0,1,15
54,17,16,16,18
55,11,17,13,0
56,17,14,12,16
57,19,16,11,19
58,7,10,3,1
59,8,19,13,11
60,19,14,15,15
61,11,4,2,6
