1
Grid:
20,20
@...................
...@....@.@.......@.
......@...@.@.......
........@....@......
.....@@.......@.....
@...@.......@.@.....
.........@.@....@...
.........@.........@
.......@...@........
@...................
........@...........
...........@....@...
..@.................
..............@.....
.......@...@........
.......@............
....@...............
............@.......
...@........@.......
.....@.........@...@
Agents:
52
0,13,5,8,4
1,5,18,8,17
2,7,15,2,8
3,2,8,2,18
4,6,19,2,2
5,11,7,4,17
6,10,3,10,12
7,0,18,16,6
8,15,12,15,14
9,5,5,9,1
10,16,14,7,16
11,10,2,8,5
12,9,15,7,3
13,8,17,15,1
14,11,8,3,18
15,9,9,19,13
16,3,14,17,8
17,5,10,3,4
18,9,12,4,3
19,16,13,12,13
20,12,7,0,8
21,10,4,0,5
22,10,1,7,17
23,4,1,12,10
24,13,2,17,6
25,19,11,17,7
26,19,18,16,16
27,8,3,9,9
28,18,1,18,14
29,0,5,11,10
30,15,8,2,16
31,14,13,8,6
32,18,7,0,17
33,18,17,18,2
34,9,1,16,18
35,4,4,4,11
36,7,10,15,18
37,4,8,16,1
38,16,1,5,7
39,15,11,14,9
40,1,5,6,15
41,10,10,5,18
42,10,18,18,8
43,0,13,13,12
44,15,10,11,18
45,7,4,13,19
46,8,2,11,5
47,6,0,18,16
48,3,12,5,10
49,12,8,10,6
50,10,17,8,3
51,13,18,0,19
