2
Grid:
20,20
....................
..@.@...............
@...@..@@...........
....................
@.......@.....@@..@.
............@.......
..@....@....@.......
....................
......@.............
....................
...........@........
.@.......@..........
..@...@....@....@...
.....@..............
................@...
.........@.......@..
.......@.@..@....@..
......@.....@...@...
..@.....@...........
...@@...........@..@
Agents:
70
0,10,13,16,6
1,15,19,1,17
2,4,17,6,6
3,8,8,4,19
4,18,7,11,8
5,11,14,11,3
6,19,11,13,13
7,11,8,15,4
8,2,19,1,8
9,14,14,9,4
10,6,19,15,19
11,13,16,9,0
12,7,18,12,14
13,14,15,17,2
14,0,19,13,3
15,13,12,10,17
16,0,2,10,7
17,13,9,14,5
18,4,13,13,9
19,8,9,8,18
20,15,5,4,7
21,5,3,18,11
22,4,16,16,14
23,15,2,10,4
24,6,16,5,4
25,6,8,15,13
26,9,10,0,15
27,14,3,7,14
28,7,11,17,11
29,0,7,8,10
30,10,8,4,16
31,15,10,0,11
32,17,13,0,4
33,15,0,5,19
34,5,17,4,13
35,11,4,4,11
36,13,0,8,7
37,11,3,16,4
38,4,11,8,2
39,5,4,6,11
40,2,14,7,5
41,18,13,8,1
42,19,5,8,13
43,2,3,0,13
44,13,15,12,15
45,19,1,6,5
46,6,6,2,10
47,10,9,19,18
48,12,18,9,14
49,16,4,6,3
50,16,14,19,6
51,12,3,2,18
52,7,9,9,11
53,1,5,3,5
54,12,17,2,13
55,8,2,10,15
56,1,0,17,14
57,14,0,10,19
58,3,12,13,4
59,10,17,6,15
60,1,17,9,18
61,4,3,3,2
62,14,6,5,2
63,17,5,14,1
64,12,19,14,10
65,16,15,7,11
66,3,0,6,13
67,5,16,3,10
68,6,4,2,12
69,5,9,14,7
