2
Grid:
20,20
.@.........@....@...
.@.............@....
.......@...@........
...........@........
@@.....@@@.......@..
..........@.........
....@.......@.......
........@.....@.....
..........@.@.......
....................
.......@@.....@.@...
@.....@....@....@...
........@....@...@..
.....@............@.
.............@......
.......@....@.......
...............@....
....................
............@.......
...................@
Agents:
58
0,3,3,8,14
1,6,11,15,8
2,7,19,2,15
3,12,15,10,1
4,0,13,6,8
5,11,14,9,0
6,1,14,1,18
7,12,10,1,9
8,3,16,5,9
9,13,17,15,18
10,1,12,12,7
11,3,10,2,18
12,6,9,14,4
13,2,2,3,1
14,19,9,2,19
15,12,5,19,17
16,3,9,11,10
17,4,19,5,5
18,7,16,1,6
19,13,1,15,11
20,1,11,3,2
21,0,9,10,6
22,15,0,5,4
23,3,6,18,10
24,9,9,3,17
25,9,15,18,11
26,16,2,5,15
27,8,7,2,2
28,13,2,11,12
29,2,15,3,12
30,10,12,9,18
31,10,13,12,11
32,17,14,8,1
33,3,19,14,2
34,5,18,3,14
35,9,13,17,13
36,6,19,9,7
37,5,6,10,17
38,15,13,8,6
39,19,8,12,5
40,3,5,14,0
41,8,11,18,13
42,6,15,11,14
43,7,18,15,2
44,16,8,6,11
45,18,2,15,9
46,17,17,3,6
47,6,10,14,1
48,4,4,19,16
49,16,9,6,19
50,18,19,10,5
51,17,15,15,14
52,12,1,7,7
53,10,18,8,15
54,18,5,9,2
55,12,12,12,4
56,2,16,19,7
57,2,1,17,11
