6
Grid:
20,20
.............@......
......@.@@@.@.......
.......@............
@...................
.@..................
.....@.....@..@..@..
@..@................
........@..@........
...........@...@....
.@..................
....................
@...................
...................@
@.....@........@..@.
.....@........@.....
.@..................
.....@@............@
........@......@....
...........@@.....@.
.@@...........@.....
Agents:
54
0,3,4,2,15
1,19,0,1,14
2,2,17,4,2
3,5,3,7,4
4,15,11,17,1
5,15,0,4,16
6,7,1,5,8
7,6,12,19,6
8,7,15,11,2
9,9,9,5,0
10,0,2,18,15
11,10,9,16,3
12,0,4,3,18
13,16,8,3,7
14,7,0,7,14
15,15,18,15,12
16,6,18,13,13
17,13,9,12,16
18,6,5,15,13
19,3,16,5,18
20,15,19,18,5
21,10,11,11,16
22,16,3,7,19
23,11,13,10,8
24,16,2,6,9
25,11,1,16,16
26,17,11,14,3
27,15,14,9,18
28,4,9,0,3
29,11,15,13,2
30,0,8,19,5
31,19,18,7,1
32,9,3,3,6
33,6,4,19,9
34,19,9,3,12
35,3,14,0,11
36,9,16,8,12
37,17,16,19,8
38,4,11,8,9
39,7,16,14,16
40,4,3,4,0
41,4,6,19,18
42,18,5,6,17
43,15,16,17,14
44,13,19,15,7
45,11,18,5,2
46,13,7,2,2
47,3,3,10,0
48,10,13,16,15
49,1,14,13,9
50,10,16,4,14
51,4,13,9,3
52,19,4,3,11
53,16,15,18,10
