9
Grid:
20,20
........@.......@...
......@.............
.................@..
@@......@.........@.
...@.....@..........
......@.............
..@..........@......
....@............@.@
....................
......@...@.....@@..
.............@..@...
..@......@..........
.......@.@..........
....................
.................@..
.@.@................
..............@...@.
.......@....@.@.....
.......@...@..@.....
.....@...@..@.......
Agents:
64
0,4,7,6,14
1,10,8,5,7
2,6,9,7,5
3,13,0,10,7
4,11,16,6,15
5,12,8,11,12
6,16,10,19,16
7,16,3,1,15
8,14,1,16,17
9,9,8,6,18
10,5,5,12,5
11,9,12,19,0
12,7,13,0,15
13,15,11,7,15
14,5,4,12,10
15,17,11,11,17
16,6,16,16,6
17,14,12,9,3
18,15,5,6,9
19,2,2,13,8
20,16,16,14,3
21,8,13,1,18
22,17,8,19,17
23,8,1,5,15
24,5,18,8,18
25,17,17,11,1
26,1,13,3,7
27,14,2,17,9
28,14,6,5,0
29,18,0,0,7
30,1,0,11,18
31,7,11,10,19
32,5,7,11,6
33,12,0,6,16
34,10,7,9,19
35,9,4,10,17
36,17,18,18,2
37,2,12,13,16
38,6,8,16,10
39,3,4,0,17
40,14,18,12,14
41,1,2,7,16
42,6,12,5,10
43,10,9,3,3
44,0,15,9,1
45,0,5,5,1
46,6,6,2,14
47,2,0,16,3
48,8,5,2,12
49,8,10,2,5
50,7,16,13,18
51,15,16,17,1
52,0,2,10,3
53,16,17,17,15
54,9,19,12,17
55,8,9,3,16
56,9,3,4,6
57,1,19,1,10
58,9,0,12,19
59,4,1,10,18
60,17,16,13,7
61,5,0,17,17
62,6,3,7,11
63,10,5,17,0
