7
Grid:
20,20
.........@@........@
...................@
.@..............@...
@...........@...@...
..@.................
....@...............
..@..............@..
................@...
...@............@...
.......@.....@......
.@.........@........
.......@............
....................
.@.@@............@@.
....@.@.............
@.....@...@......@..
@....@.....@.....@..
.....@............@.
.......@............
.......@............
Agents:
66
0,8,2,6,8
1,6,10,1,8
2,11,12,0,5
3,19,12,17,16
4,12,16,8,5
5,4,16,5,6
6,8,8,10,9
7,5,5,6,7
8,17,0,1,14
9,8,5,11,19
10,17,6,3,11
11,5,13,10,15
12,10,7,4,8
13,16,19,10,8
14,10,6,10,4
15,3,7,9,14
16,5,17,18,11
17,13,16,1,18
18,15,9,13,7
19,13,19,1,10
20,17,7,4,0
21,14,8,14,10
22,8,11,4,5
23,0,7,15,9
24,14,0,14,15
25,12,7,7,0
26,16,8,0,13
27,5,3,16,13
28,7,18,14,19
29,19,8,4,19
30,18,19,1,11
31,1,5,15,15
32,7,11,3,1
33,4,19,13,11
34,1,16,17,9
35,4,18,6,13
36,6,8,1,15
37,5,10,10,14
38,14,16,15,13
39,10,16,18,17
40,12,10,2,8
41,9,15,5,0
42,7,2,5,15
43,15,19,4,6
44,0,2,11,16
45,9,4,1,6
46,14,11,5,18
47,4,5,7,18
48,1,11,13,10
49,13,7,14,0
50,2,8,7,14
51,4,4,16,3
52,3,14,19,10
53,5,15,17,7
54,3,6,4,9
55,2,18,5,1
56,12,6,14,2
57,9,17,16,4
58,5,8,15,16
59,6,1,19,5
60,10,2,9,18
61,6,15,2,18
62,11,3,5,11
63,18,14,3,17
64,0,17,8,17
65,14,14,4,4
