6
Grid:
20,20
..@..........@......
............@.......
.........@....@..@.@
@..............@..@.
....................
....................
...........@@...@..@
....................
...@..@.............
........@......@....
..........@.........
............@.......
@.............@.....
..@@..@..@..........
...............@....
......@....@........
....................
@.....@...@.@.......
..@........@.....@..
....@.@.....@@......
Agents:
60
0,13,7,15,13
1,13,15,6,15
2,5,10,10,11
3,7,3,7,11
4,15,7,16,3
5,1,19,17,3
6,16,13,16,2
7,1,7,18,8
8,19,8,11,4
9,13,16,16,19
10,5,15,8,10
11,16,15,14,11
12,19,19,2,3
13,17,3,19,2
14,19,9,10,17
15,19,5,2,11
16,1,16,0,14
17,19,3,0,9
18,19,18,13,17
19,4,13,11,9
20,15,12,5,12
21,5,19,11,2
22,1,9,11,13
23,4,6,4,4
24,13,17,4,8
25,17,17,10,13
26,10,17,7,2
27,16,5,1,5
28,12,4,13,15
29,4,5,5,5
30,7,15,3,12
31,18,0,5,3
32,8,1,16,11
33,7,6,3,6
34,0,3,19,14
35,10,19,15,18
36,18,8,7,17
37,5,7,14,8
38,12,3,4,6
39,13,1,1,4
40,2,16,15,10
41,14,0,10,5
42,8,9,6,14
43,5,9,9,19
44,1,1,9,5
45,15,0,18,10
46,3,3,16,5
47,6,5,16,10
48,7,16,17,11
49,6,3,13,11
50,19,16,7,12
51,1,14,17,1
52,3,14,4,15
53,1,11,10,3
54,18,10,13,5
55,11,11,0,18
56,3,11,12,18
57,18,1,3,7
58,4,0,8,13
59,14,6,9,12
