5
Grid:
20,20
.@..................
....................
...@........@.......
.@........@.....@...
....................
....@@.....@........
.........@..........
..@.................
@....@........@.....
......@..@@.........
.....@.....@........
.@......@...........
......@..@..........
....................
@.@...@.......@.....
..@.......@......@..
.@.............@....
.....@......@..@@..@
.@.............@.@..
....................
Agents:
62
0,10,19,10,15
1,4,17,5,6
2,11,3,0,7
3,2,18,9,13
4,14,12,14,15
5,1,9,15,1
6,1,6,17,11
7,0,3,3,12
8,4,7,1,17
9,12,8,12,14
10,19,17,14,13
11,8,13,15,8
12,5,17,4,16
13,16,8,14,10
14,13,4,5,18
15,12,12,4,1
16,10,2,13,11
17,18,14,15,14
18,18,16,4,0
19,19,16,7,19
20,12,11,4,5
21,9,1,1,12
22,12,16,19,6
23,2,8,3,7
24,0,6,7,9
25,9,17,4,10
26,17,8,9,0
27,16,17,0,5
28,4,2,0,9
29,16,7,16,3
30,8,15,3,8
31,8,6,8,10
32,13,3,6,14
33,2,10,18,8
34,15,16,2,2
35,1,4,9,15
36,1,11,17,8
37,5,1,16,19
38,14,5,1,15
39,4,11,1,1
40,1,10,12,16
41,19,15,10,12
42,19,13,10,0
43,4,13,15,3
44,18,2,10,7
45,3,13,7,4
46,15,12,17,4
47,5,7,2,11
48,15,13,7,13
49,14,16,2,9
50,1,1,19,16
51,18,5,2,19
52,9,5,10,19
53,16,6,10,6
54,4,9,14,16
55,4,8,14,3
56,13,2,8,18
57,15,11,1,6
58,6,18,8,3
59,1,8,11,19
60,6,4,4,13
61,12,14,1,3
