2
Grid:
20,20
....................
..@@...........@....
..@.....@.@........@
..@..@..............
@.@...@.............
....@...@..........@
........@......@....
......@.............
...@.............@..
..........@.........
..................@.
...@.......@.....@..
...@..........@.....
....@...........@...
....................
.........@..@.......
......@........@....
..@@.....@..........
..........@.........
......@....@@.......
Agents:
68
0,17,12,5,16
1,8,16,17,11
2,5,5,14,6
3,11,18,14,8
4,0,2,13,18
5,7,4,10,7
6,6,17,17,4
7,11,13,14,15
8,2,13,8,0
9,0,15,5,14
10,3,8,15,10
11,13,3,9,8
12,15,3,14,19
13,5,6,12,5
14,9,0,1,19
15,10,19,10,15
16,7,12,7,0
17,14,7,6,16
18,19,4,19,2
19,19,14,8,9
20,14,6,14,12
21,10,3,6,5
22,11,19,1,9
23,18,9,17,1
24,8,8,19,19
25,18,4,9,14
26,0,4,5,6
27,9,19,11,7
28,17,19,17,16
29,13,6,4,12
30,19,15,6,17
31,13,11,11,13
32,11,5,0,5
33,7,19,11,1
34,1,13,0,11
35,19,2,9,4
36,16,18,10,16
37,13,9,5,3
38,3,14,5,7
39,4,14,15,17
40,8,10,15,11
41,9,5,8,5
42,9,3,2,4
43,18,11,4,8
44,12,13,1,6
45,14,11,14,2
46,10,9,17,19
47,11,15,6,18
48,16,9,19,17
49,9,11,4,16
50,5,9,9,11
51,9,16,11,6
52,13,0,18,12
53,18,3,14,9
54,1,6,16,16
55,15,8,9,18
56,9,17,4,7
57,14,8,14,7
58,9,2,10,8
59,4,1,17,13
60,19,16,18,15
61,6,7,12,6
62,18,14,12,8
63,15,4,5,12
64,15,18,9,2
65,14,2,17,10
66,9,13,3,14
67,12,7,18,1
