5
Grid:
20,20
.......@......@..@..
@..@.....@.....@.@..
....................
..............@@..@.
..............@.....
@..........@........
.@..@......@.....@@.
......@...@......@..
....................
..@@..........@@....
......@.............
...............@...@
.......@............
.......@.....@......
............@@......
...............@....
....................
...@................
..@...@.............
.........@...@......
Agents:
60
0,11,11,17,15
1,11,10,6,2
2,19,0,12,2
3,8,1,7,15
4,17,12,14,10
5,2,19,7,13
6,5,19,12,6
7,17,7,0,19
8,3,7,14,9
9,6,15,10,11
10,5,12,5,13
11,0,18,13,18
12,7,18,15,2
13,11,17,16,6
14,15,12,16,13
15,6,19,3,8
16,15,19,17,10
17,16,7,16,5
18,10,9,14,7
19,12,12,15,19
20,8,13,15,17
21,10,16,3,4
22,7,4,18,19
23,4,3,10,14
24,15,16,17,6
25,0,19,15,10
26,4,4,16,0
27,7,8,14,4
28,3,4,11,2
29,1,2,17,14
30,8,6,2,11
31,11,0,2,16
32,18,16,16,2
33,16,16,12,9
34,17,2,3,3
35,19,7,0,15
36,10,18,5,3
37,4,2,16,8
38,14,11,11,17
39,4,13,7,19
40,3,17,13,15
41,2,6,18,9
42,1,10,14,11
43,19,8,3,11
44,11,2,9,11
45,12,1,9,17
46,18,11,11,9
47,7,7,15,12
48,6,12,3,12
49,16,12,17,12
50,5,16,18,15
51,13,9,9,10
52,1,4,1,6
53,19,18,0,10
54,7,16,0,2
55,2,18,18,1
56,17,0,9,8
57,14,6,17,7
58,3,11,8,9
59,16,10,0,6
