6
Grid:
20,20
..@.......@.....@...
......@..@......@...
.............@@@...@
...@....@.@@........
........@.........@.
...............@....
.....@..............
....................
....................
..................@.
..@.................
.......@............
.@............@.....
...@.....@.......@..
....................
............@.@....@
......@@......@...@.
....@..@............
..@.....@......@....
..@......@..........
Agents:
62
0,10,5,14,9
1,4,7,8,5
2,0,15,18,12
3,2,6,7,15
4,17,0,13,1
5,12,8,6,9
6,17,16,9,8
7,11,4,18,11
8,14,15,11,5
9,11,16,17,5
10,9,9,9,15
11,16,5,16,3
12,4,4,10,14
13,9,13,5,7
14,0,14,4,13
15,14,7,4,15
16,1,13,11,16
17,5,11,9,12
18,18,5,3,9
19,19,11,9,17
20,5,17,17,13
21,15,8,3,5
22,14,17,3,19
23,12,0,7,8
24,11,18,11,13
25,6,16,12,17
26,6,9,8,2
27,6,3,18,18
28,6,4,19,7
29,4,6,6,6
30,15,18,7,1
31,17,17,19,14
32,4,19,5,2
33,10,15,0,18
34,19,3,1,13
35,1,14,10,8
36,2,7,15,2
37,5,2,2,12
38,5,1,1,17
39,10,10,15,18
40,3,14,1,14
41,18,9,12,8
42,3,9,8,11
43,17,18,0,6
44,9,12,17,15
45,8,10,6,11
46,13,6,6,8
47,10,3,4,11
48,1,12,7,9
49,12,16,17,1
50,12,7,8,9
51,15,11,9,6
52,17,14,10,13
53,6,7,6,0
54,11,3,6,18
55,8,19,11,9
56,11,8,14,8
57,5,3,8,7
58,4,12,0,4
59,18,10,11,3
60,18,14,13,15
61,8,12,18,14
