4
Grid:
20,20
.........@..........
.......@....@@@.....
.......@............
..@..............@..
........@.@.........
....................
..@.................
@@........@..@......
....@@..............
@.........@@.....@@.
@...............@.@.
.........@....@.....
...@................
.......@...@........
.........@...@.....@
.........@..........
............@.......
@@..................
..@...............@.
.............@......
Agents:
58
0,4,16,1,9
1,8,17,3,10
2,13,8,14,0
3,16,5,15,19
4,11,0,19,16
5,14,11,10,10
6,19,11,19,2
7,14,0,2,12
8,3,6,18,11
9,6,9,3,4
10,1,4,6,10
11,10,17,8,17
12,16,14,7,2
13,16,6,4,6
14,2,15,13,6
15,6,10,14,18
16,4,9,19,9
17,7,15,10,4
18,14,2,18,6
19,9,4,0,2
20,12,13,1,17
21,13,1,5,5
22,3,4,12,4
23,12,8,15,15
24,0,0,5,17
25,6,11,6,17
26,1,18,8,12
27,12,9,11,4
28,14,16,18,8
29,18,19,18,13
30,4,3,14,3
31,15,14,9,8
32,18,10,18,7
33,14,18,14,12
34,10,2,2,16
35,7,11,7,6
36,1,3,9,7
37,11,18,19,5
38,3,13,1,0
39,7,6,3,13
40,4,13,11,16
41,8,9,14,11
42,2,4,9,1
43,7,17,17,2
44,5,9,4,14
45,5,1,10,13
46,9,3,18,3
47,3,9,19,11
48,16,9,17,16
49,17,5,8,8
50,5,19,16,7
51,15,15,12,16
52,3,18,0,8
53,19,1,16,10
54,11,13,7,11
55,13,17,5,4
56,16,0,11,17
57,14,3,19,3
