0
Grid:
20,20
...................@
........@......@..@.
...............@....
..@....@@....@@.....
.......@.@@.@.......
....................
..........@....@....
..@..............@..
...............@....
..@.................
.............@....@.
...........@...@@...
@................@..
......@.........@...
.@.@........@.......
....................
...............@....
..@..@....@@........
.....@..............
.....@...........@..
Agents:
58
0,12,15,1,13
1,15,12,19,12
2,11,1,12,13
3,2,16,1,0
4,18,14,17,15
5,8,16,13,9
6,14,4,15,4
7,1,7,5,7
8,5,7,18,15
9,7,5,14,13
10,2,5,8,10
11,0,11,18,7
12,15,5,13,1
13,18,3,11,9
14,16,8,12,4
15,4,5,9,8
16,9,19,9,4
17,7,10,4,13
18,2,6,5,11
19,12,3,1,3
20,18,18,0,3
21,8,4,14,0
22,14,19,2,10
23,6,14,5,16
24,15,1,16,18
25,0,14,16,3
26,1,6,7,0
27,12,9,8,8
28,12,19,6,17
29,6,17,5,2
30,18,15,19,15
31,17,0,15,1
32,12,8,12,7
33,0,2,13,8
34,14,18,9,9
35,15,4,12,1
36,7,4,5,14
37,17,15,19,14
38,19,4,17,8
39,8,14,16,8
40,8,10,5,19
41,4,2,12,19
42,6,18,7,12
43,19,14,17,0
44,0,8,8,3
45,12,6,7,18
46,4,4,4,18
47,13,12,16,17
48,7,1,8,17
49,19,16,11,5
50,18,8,15,10
51,12,16,3,1
52,2,11,7,7
53,7,3,15,5
54,3,12,2,17
55,3,11,10,14
56,18,0,12,9
57,10,14,5,6
