4
Grid:
20,20
@......@.......@....
..@@.........@......
.@.@......@.........
@..................@
@.....@.....@.......
.@..................
..@......@..........
.......@............
@...................
.@.@...@.......@....
........@...........
@@...............@..
....@@..............
..........@@......@.
....................
....................
.@......@...........
.........@@.........
..@@................
.................@@.
Agents:
52
0,12,3,4,19
1,4,13,8,2
2,13,12,14,8
3,15,3,17,17
4,19,3,8,18
5,18,8,12,17
6,16,18,10,12
7,1,15,9,9
8,7,5,11,10
9,2,11,4,13
10,11,11,7,19
11,2,17,19,19
12,16,0,11,9
13,15,7,6,18
14,2,2,14,9
15,19,8,7,5
16,9,17,1,16
17,10,7,4,18
18,6,13,3,11
19,10,9,3,2
20,7,10,14,7
21,1,14,9,11
22,1,8,8,13
23,6,14,1,11
24,2,14,13,0
25,2,15,10,18
26,14,15,13,3
27,8,12,17,13
28,4,2,12,14
29,5,9,12,0
30,15,15,12,9
31,4,19,13,7
32,8,2,6,15
33,3,11,14,12
34,16,2,5,8
35,18,7,14,17
36,5,18,14,6
37,17,8,1,10
38,12,11,4,3
39,8,11,1,8
40,9,19,16,12
41,3,16,15,15
42,18,1,12,18
43,4,3,0,12
44,6,18,5,2
45,19,12,10,0
46,10,12,18,18
47,10,19,12,12
48,2,6,5,6
49,5,16,10,9
50,13,19,4,11
51,3,13,2,7
