5
Grid:
20,20
....................
@@...............@..
..@........@........
..@@...@............
..@...@....@........
.................@..
@..@................
@.................@.
.@...@...........@..
........@.....@.@...
......@.............
....................
.@@...@...@...@@....
........@......@.@..
.....@...@..@.......
....................
.@................@.
.............@.@..@.
....................
....................
Agents:
58
0,8,7,14,14
1,3,16,14,7
2,19,8,19,15
3,15,13,2,13
4,16,10,2,15
5,1,6,3,8
6,13,16,1,15
7,17,17,5,6
8,10,12,5,11
9,11,10,15,3
10,16,7,8,10
11,2,4,17,4
12,9,15,5,3
13,5,13,5,19
14,9,5,9,3
15,3,15,11,1
16,0,12,15,2
17,19,12,16,14
18,4,4,18,17
19,7,7,18,14
20,12,18,6,13
21,14,15,1,14
22,0,5,6,4
23,2,0,0,13
24,5,19,16,11
25,15,17,11,13
26,18,0,4,18
27,8,2,7,6
28,1,4,16,0
29,17,7,0,6
30,13,1,1,7
31,15,10,5,14
32,11,3,11,16
33,3,18,3,15
34,16,14,10,17
35,9,11,1,10
36,0,10,3,16
37,13,3,4,9
38,13,2,18,5
39,10,0,10,12
40,17,19,11,12
41,2,18,13,1
42,4,1,16,7
43,2,3,7,12
44,10,4,19,18
45,5,12,17,16
46,18,1,17,6
47,9,13,10,1
48,2,1,11,5
49,19,17,9,11
50,9,18,9,15
51,10,15,0,3
52,4,10,18,9
53,11,16,7,5
54,1,16,8,19
55,7,12,2,9
56,18,2,12,9
57,3,4,9,6
