2
Grid:
20,20
......@......@......
...@................
.............@..@...
..........@.........
...........@........
.@.@.@.....@........
....@..@@.........@.
.......@.@..........
..............@.....
............@....@.@
...............@....
.................@..
....................
......@...@.@.......
.....@..............
......@.............
..............@.....
@.......@......@..@.
.......@@.........@@
................@.@@
Agents:
64
0,11,19,15,14
1,13,17,15,8
2,13,16,11,8
3,10,18,0,2
4,16,18,16,9
5,2,19,8,2
6,2,12,19,1
7,4,3,3,3
8,11,7,3,18
9,6,12,14,13
10,13,4,6,14
11,16,9,11,3
12,4,15,13,16
13,3,4,4,5
14,16,11,3,16
15,0,1,7,14
16,10,2,19,0
17,15,18,14,14
18,3,9,5,17
19,9,13,18,4
20,5,9,5,2
21,14,18,0,18
22,8,15,10,8
23,19,17,1,4
24,4,12,0,9
25,1,10,17,9
26,12,6,17,3
27,16,13,10,4
28,2,9,16,16
29,17,3,15,16
30,3,11,13,17
31,12,3,9,0
32,8,0,19,6
33,4,14,6,0
34,1,5,14,1
35,15,1,8,19
36,11,2,7,11
37,18,16,16,1
38,17,5,12,7
39,6,17,13,0
40,13,11,6,19
41,17,19,10,10
42,14,15,18,13
43,12,10,17,16
44,14,17,10,0
45,12,0,3,15
46,5,18,1,6
47,1,1,17,6
48,4,10,1,5
49,2,14,1,16
50,10,19,15,10
51,5,7,17,10
52,12,14,3,19
53,5,8,9,2
54,1,11,1,8
55,10,17,10,14
56,8,10,11,9
57,13,14,4,3
58,15,16,9,5
59,19,7,11,14
60,12,2,18,10
61,8,2,4,13
62,17,14,8,10
63,5,12,5,10
