7
Grid:
20,20
....................
........@..........@
...@..@..@.@........
....................
......@.............
....................
....................
.....@@.....@.@.....
..@...@.@..@........
...@...@...@...@....
.................@..
........@......@....
..@.@@..............
....................
......@......@......
..............@@..@.
....@......@..@.....
...@@..@............
.....@..@...........
................@@..
Agents:
62
0,5,15,1,11
1,1,4,4,11
2,18,13,4,13
3,4,5,3,18
4,13,11,4,16
5,17,16,11,2
6,15,13,1,13
7,5,19,8,19
8,4,19,18,18
9,14,16,11,12
10,6,1,13,3
11,6,11,1,7
12,13,13,4,17
13,16,15,11,6
14,11,14,14,9
15,6,0,9,8
16,2,12,5,5
17,16,16,1,1
18,9,8,16,0
19,15,17,13,5
20,9,19,11,17
21,10,0,7,3
22,9,1,5,10
23,1,14,7,8
24,0,18,2,12
25,12,0,5,0
26,19,10,6,13
27,9,18,18,12
28,19,3,16,6
29,10,2,3,9
30,10,8,8,12
31,10,15,4,19
32,4,16,19,4
33,10,6,6,7
34,2,4,14,5
35,4,14,3,5
36,5,0,5,8
37,0,16,9,12
38,19,1,18,2
39,8,4,14,10
40,19,7,10,18
41,10,13,17,8
42,17,6,10,9
43,10,12,15,9
44,4,12,12,15
45,11,5,2,16
46,4,15,0,7
47,6,14,8,7
48,3,3,6,6
49,17,8,15,7
50,15,6,12,8
51,2,14,9,14
52,7,0,13,18
53,8,16,13,10
54,6,2,10,5
55,15,9,14,1
56,7,17,3,8
57,4,1,18,6
58,11,12,6,1
59,19,15,10,14
60,12,14,15,2
61,6,8,1,15
