1
Grid:
20,20
....................
....................
.......@...@........
....................
..@.@..@.@..@.......
..@.........@.......
......@........@..@.
.........@.....@....
....@............@..
.......@..@.........
.....@.....@........
..@@........@.......
....@...........@...
.......@@......@....
....@......@@.......
..................@.
............@.......
..@...@...........@.
@.........@@........
................@...
Agents:
56
0,13,3,7,4
1,19,5,0,10
2,6,3,3,13
3,7,19,12,14
4,5,11,17,9
5,10,17,0,8
6,16,2,5,7
7,7,8,14,0
8,11,14,8,9
9,13,4,8,7
10,12,11,16,14
11,19,3,0,3
12,5,1,0,12
13,2,2,16,3
14,17,1,4,18
15,13,1,15,6
16,17,12,7,1
17,18,15,13,18
18,2,16,17,1
19,6,13,0,4
20,2,8,5,14
21,3,11,19,3
22,15,4,13,12
23,7,16,9,5
24,1,1,18,15
25,12,6,18,19
26,0,14,16,15
27,3,4,14,18
28,19,1,7,17
29,17,14,14,19
30,4,15,3,0
31,9,9,12,9
32,9,14,12,2
33,8,19,12,18
34,2,3,1,3
35,8,8,11,6
36,8,1,12,10
37,13,5,12,19
38,0,16,5,3
39,9,8,8,6
40,12,17,0,7
41,3,1,12,3
42,4,14,6,10
43,9,1,15,8
44,14,0,1,6
45,19,12,9,18
46,7,11,14,17
47,11,18,11,15
48,16,13,8,18
49,4,16,15,9
50,16,11,18,4
51,10,3,13,17
52,12,9,3,3
53,5,13,9,9
54,17,11,16,1
55,10,6,19,4
