0
Grid:
20,20
...@................
....@...@.@.....@..@
...........@........
........@..@........
............@.......
...@...@.@.@..@.....
.@.@.@..............
.....@..............
.........@........@.
.......@....@.......
........@.@.........
....................
........@..@........
...........@........
.@.....@..@.......@.
...................@
....................
...................@
..........@.@....@..
...@......@...@.....
Agents:
54
0,13,0,17,16
1,3,13,3,4
2,7,13,4,19
3,9,2,13,6
4,18,16,2,18
5,4,0,6,18
6,17,16,0,1
7,19,7,7,16
8,0,15,19,12
9,12,6,14,4
10,11,2,4,9
11,15,9,13,3
12,8,13,14,14
13,1,14,16,9
14,12,5,8,12
15,5,6,9,17
16,2,10,19,7
17,2,13,16,17
18,4,1,13,16
19,11,11,15,9
20,14,0,4,18
21,12,9,16,12
22,2,2,19,15
23,12,12,3,1
24,2,18,7,10
25,8,17,7,14
26,1,5,15,5
27,17,0,1,13
28,11,0,5,1
29,8,11,13,0
30,10,2,12,3
31,6,8,12,18
32,11,10,3,3
33,8,14,6,9
34,16,19,13,15
35,11,19,13,2
36,0,13,2,5
37,17,7,14,17
38,4,17,18,13
39,12,1,3,6
40,16,7,10,4
41,18,0,15,11
42,16,3,14,8
43,6,15,18,6
44,7,18,19,8
45,2,1,8,4
46,4,14,18,9
47,9,6,4,13
48,1,17,18,2
49,14,2,11,6
50,17,8,15,2
51,7,7,17,3
52,13,7,10,18
53,0,14,1,15
