3
Grid:
20,20
.....@.............@
..@....@..@.@.....@.
....@......@........
..............@.....
.@..................
....................
.....@..............
.@.@................
.....@..............
.............@...@..
....................
...............@....
.........@...@.@..@@
.....@...@....@.@...
................@...
@.......@..@..@.....
..........@.......@.
.........@.@.....@@.
....................
...@.............@..
Agents:
66
0,9,3,16,1
1,10,0,2,18
2,0,9,12,16
3,12,11,8,1
4,18,18,1,14
5,15,6,18,2
6,11,18,10,5
7,18,0,1,0
8,14,3,5,3
9,18,19,4,6
10,9,4,13,11
11,0,3,4,17
12,4,17,14,19
13,17,0,17,4
14,15,19,6,11
15,14,6,13,13
16,9,6,10,11
17,17,7,14,2
18,18,2,12,0
19,3,7,2,12
20,4,13,1,6
21,15,15,14,8
22,4,10,10,15
23,10,7,17,13
24,4,14,10,16
25,14,17,15,7
26,18,12,12,3
27,11,13,2,0
28,8,11,11,11
29,19,6,7,8
30,5,11,18,7
31,1,6,5,18
32,1,13,13,2
33,13,3,4,18
34,5,4,16,4
35,7,9,5,0
36,14,4,13,15
37,15,2,3,9
38,8,3,2,16
39,3,2,6,2
40,12,0,12,17
41,4,11,4,3
42,16,8,5,13
43,17,19,11,8
44,4,3,9,19
45,0,13,9,10
46,1,11,7,15
47,4,2,17,14
48,18,16,6,6
49,3,16,13,3
50,3,3,15,16
51,18,1,17,1
52,2,10,10,6
53,16,13,6,15
54,9,14,18,5
55,8,18,15,18
56,8,1,15,9
57,16,4,5,16
58,7,5,14,5
59,0,1,14,7
60,8,10,15,1
61,6,14,13,17
62,9,1,0,8
63,9,18,16,2
64,5,17,1,15
65,14,7,5,9
