1
Grid:
20,20
.......@@....@......
.............@...@.@
....................
..................@.
@.........@..@......
....@...............
...................@
@...................
........@...........
@....@....@.........
....@@.@............
..@.................
...........@.......@
@.........@...@@....
....................
............@......@
............@...@...
.....@....@.........
@...........@....@.@
.........@.......@.@
Agents:
58
0,4,14,19,18
1,14,15,1,8
2,19,0,17,6
3,11,19,9,14
4,7,7,14,19
5,18,6,14,5
6,13,13,9,11
7,15,16,6,6
8,16,11,8,12
9,12,0,4,8
10,3,6,6,18
11,15,3,4,18
12,3,1,7,5
13,19,8,15,14
14,8,6,17,14
15,14,6,7,4
16,8,9,17,11
17,19,14,14,11
18,4,6,14,9
19,9,13,19,15
20,3,13,5,0
21,9,12,18,9
22,5,19,3,5
23,5,1,7,16
24,14,11,16,3
25,6,15,18,1
26,8,17,2,12
27,18,10,12,16
28,12,17,11,5
29,0,2,15,10
30,11,0,5,1
31,5,5,6,17
32,12,7,14,7
33,5,6,18,4
34,17,1,8,9
35,6,5,6,8
36,10,10,15,0
37,2,2,7,11
38,15,0,18,5
39,3,7,4,3
40,12,9,19,10
41,6,18,0,14
42,10,8,10,19
43,2,7,0,5
44,6,6,13,1
45,2,3,1,6
46,7,3,17,19
47,0,18,12,13
48,14,18,11,4
49,3,12,1,4
50,4,18,3,7
51,16,1,6,13
52,18,4,15,2
53,7,16,2,3
54,18,13,3,0
55,9,14,11,6
56,15,8,16,9
57,18,3,11,13
