6
Grid:
20,20
@...................
....@.........@...@.
....@.@.............
@....@..............
....@.......@.@...@.
..........@.........
..........@...@.....
.........@..........
....................
..........@.........
...@.............@@.
....................
.......@@..@........
.@......@...........
@@.@..........@.....
...@...@............
........@..@@.......
....@@@.............
.............@......
.......@......@.....
Agents:
58
0,10,10,9,9
1,11,15,3,13
2,5,3,18,1
3,7,0,18,14
4,7,5,3,9
5,10,7,17,0
6,3,17,3,15
7,5,2,1,12
8,4,8,15,11
9,18,5,17,12
10,7,18,13,14
11,19,16,9,12
12,12,13,0,5
13,16,17,17,1
14,6,12,11,0
15,15,9,16,4
16,3,6,19,1
17,13,16,15,16
18,13,12,6,19
19,3,19,15,5
20,17,7,5,1
21,16,14,5,7
22,2,5,2,8
23,5,15,17,11
24,6,5,10,7
25,2,10,11,16
26,7,6,7,17
27,3,10,13,16
28,7,14,7,11
29,8,19,9,14
30,2,18,5,4
31,11,14,1,2
32,14,19,13,0
33,9,7,7,3
34,15,5,11,19
35,1,8,6,6
36,3,3,17,10
37,0,12,1,15
38,0,18,8,10
39,10,11,19,16
40,11,10,18,3
41,5,9,12,10
42,18,6,3,3
43,12,2,4,6
44,4,9,0,3
45,1,19,7,1
46,15,1,6,15
47,19,3,14,5
48,7,4,9,2
49,6,11,18,12
50,9,9,12,6
51,7,12,11,2
52,12,1,6,3
53,8,1,17,7
54,0,2,12,18
55,14,12,4,9
56,1,0,9,18
57,16,19,4,13
