3
Grid:
20,20
..@.............@...
.....@@.@..@........
..@@.........@.@....
.@...........@@@....
.@....@@@.......@...
....@...............
....................
....................
....................
....................
....@...............
.............@......
........@......@.@..
..@..@.....@.....@@.
....................
............@.......
......@......@.@.@..
@......@............
.............@.@....
...................@
Agents:
56
0,8,0,6,6
1,1,16,6,17
2,3,3,10,14
3,9,4,15,14
4,15,16,18,1
5,18,6,9,6
6,9,18,0,13
7,3,12,17,19
8,19,14,8,16
9,13,4,16,16
10,9,12,8,8
11,14,14,2,5
12,12,1,15,10
13,14,2,19,11
14,17,2,11,16
15,9,17,5,19
16,19,16,19,13
17,4,18,16,8
18,19,8,19,1
19,5,6,19,4
20,8,4,13,13
21,17,8,10,17
22,7,9,4,3
23,11,14,11,1
24,6,17,17,2
25,7,3,10,11
26,19,9,13,1
27,10,7,9,3
28,10,12,9,11
29,16,12,14,6
30,18,9,10,10
31,7,0,8,10
32,0,15,9,9
33,4,0,4,15
34,7,7,13,6
35,6,8,0,9
36,4,5,2,0
37,14,8,12,2
38,10,15,4,19
39,10,2,6,15
40,7,5,14,17
41,8,6,9,17
42,9,8,19,10
43,9,16,14,13
44,5,8,5,1
45,5,14,13,7
46,1,10,8,3
47,12,6,13,8
48,16,11,13,9
49,3,4,6,4
50,18,11,13,16
51,5,1,19,17
52,19,5,4,18
53,0,12,7,9
54,7,17,9,15
55,11,18,4,0
