0
Grid:
20,20
...............@..@.
....................
.....@.....@.....@..
....................
.............@..@@..
..............@....@
......@.....@......@
@............@......
........@...........
............@.......
..................@.
@.....@@@...........
.......@......@@....
.....@........@.....
......@.@@..........
....................
...@...............@
....................
....@.@..@..........
..@.@..@........@@..
Agents:
70
0,5,1,0,5
1,17,3,11,19
2,13,18,8,18
3,19,5,0,8
4,14,7,1,15
5,5,0,5,1
6,14,11,8,5
7,13,2,8,17
8,19,10,15,13
9,8,4,15,1
10,4,11,14,4
11,7,4,7,7
12,13,1,14,17
13,13,16,18,8
14,2,2,17,13
15,3,14,7,1
16,15,13,8,14
17,19,19,5,12
18,9,7,18,2
19,9,15,5,10
20,18,15,13,15
21,10,13,8,15
22,13,13,11,4
23,10,11,18,19
24,4,18,2,4
25,11,12,9,8
26,14,18,6,9
27,6,18,17,7
28,8,10,4,11
29,2,3,9,3
30,6,14,18,15
31,9,10,12,17
32,19,12,2,2
33,4,14,17,12
34,12,6,17,8
35,6,2,7,11
36,12,16,5,5
37,9,17,16,7
38,5,9,9,15
39,5,12,1,12
40,2,19,0,19
41,0,1,10,14
42,12,11,17,16
43,19,3,10,16
44,9,5,15,16
45,8,15,10,10
46,18,18,8,3
47,0,17,2,19
48,9,8,7,15
49,12,18,15,12
50,1,14,0,3
51,18,14,2,16
52,4,12,7,8
53,8,0,17,5
54,12,3,19,18
55,1,1,1,7
56,6,3,12,4
57,13,7,9,4
58,8,5,14,13
59,11,5,1,2
60,16,7,16,11
61,5,13,1,1
62,11,3,7,3
63,18,0,9,1
64,2,14,5,11
65,19,13,15,10
66,14,16,6,7
67,15,12,19,10
68,9,4,6,5
69,17,7,15,14
