0
Grid:
20,20
@@.......@.@....@.@@
............@...@.@.
..@..@@........@....
@.......@...........
..@..........@......
...............@....
.........@.....@...@
.......@............
....@...............
..@......@..........
....................
..........@........@
.@............@...@.
....................
..........@.....@...
...................@
.....@.............@
.......@.@..........
........@.....@.....
....................
Agents:
64
0,2,10,7,16
1,19,0,18,3
2,5,4,14,11
3,11,13,9,1
4,6,5,16,12
5,9,12,14,3
6,7,19,15,6
7,13,8,15,8
8,4,1,4,7
9,19,7,14,1
10,10,3,16,2
11,0,12,18,19
12,8,12,10,2
13,6,3,12,6
14,4,15,0,10
15,4,11,7,6
16,13,11,2,17
17,14,2,17,2
18,18,15,7,3
19,3,11,13,3
20,16,10,10,16
21,15,11,4,19
22,9,7,17,15
23,7,14,9,16
24,19,16,2,4
25,16,18,16,1
26,18,6,15,17
27,7,11,9,12
28,15,2,5,1
29,15,13,1,7
30,7,9,13,16
31,11,3,13,14
32,4,19,12,2
33,7,10,16,11
34,17,16,1,9
35,13,17,2,0
36,8,9,8,18
37,12,17,12,7
38,10,1,4,3
39,5,19,6,18
40,13,7,8,2
41,13,9,10,5
42,2,4,12,3
43,15,14,11,6
44,9,19,6,16
45,15,3,10,3
46,10,19,17,6
47,8,10,17,1
48,15,0,3,6
49,2,16,12,0
50,12,10,14,17
51,9,18,1,10
52,10,16,0,17
53,6,17,8,10
54,7,13,13,18
55,17,13,8,1
56,1,5,17,19
57,19,12,10,13
58,8,0,3,9
59,5,5,2,14
60,17,12,16,7
61,1,9,16,14
62,4,10,19,4
63,12,13,3,18
