4
Grid:
20,20
.......@......@.....
@........@..@.......
...@.@.........@....
.......@........@..@
.........@........@.
.....@...@..........
...............@....
.............@......
.@.....@............
.......@.....@@..@@.
@...........@...@.@.
...@................
.........@..........
..................@.
..................@.
@.@@................
.@..........@.......
................@...
...............@....
......@.............
Agents:
62
0,14,6,19,12
1,8,0,5,4
2,10,2,12,19
3,16,11,18,9
4,3,6,7,11
5,12,7,14,8
6,11,9,11,15
7,2,7,11,14
8,12,8,9,12
9,10,5,7,15
10,8,17,12,11
11,6,16,5,11
12,15,4,0,11
13,17,17,13,1
14,3,2,1,11
15,9,8,6,0
16,19,2,0,13
17,5,18,13,8
18,1,14,9,3
19,0,3,18,7
20,19,17,2,19
21,3,5,0,10
22,7,18,5,14
23,8,11,2,2
24,10,9,7,3
25,0,11,8,13
26,4,5,11,9
27,5,19,2,6
28,7,0,15,17
29,16,4,1,14
30,8,8,17,1
31,3,4,6,13
32,17,15,5,16
33,5,4,10,10
34,18,8,3,3
35,13,9,10,8
36,17,19,11,0
37,6,3,2,9
38,14,17,14,12
39,17,10,3,13
40,18,19,8,3
41,11,16,1,1
42,9,1,8,12
43,15,19,17,6
44,0,18,3,14
45,15,5,3,8
46,2,12,15,4
47,5,15,4,13
48,18,11,1,19
49,8,6,13,19
50,12,4,13,16
51,6,19,1,5
52,15,14,7,8
53,6,18,9,10
54,3,10,19,5
55,6,4,12,10
56,8,18,5,17
57,8,15,13,15
58,11,18,18,13
59,4,0,1,6
60,0,1,3,0
61,11,2,4,7
