6
Grid:
20,20
........@....@......
..........@......@@.
.....@........@.....
.............@......
.........@....@.....
....................
.........@.....@....
.......@..@....@....
................@...
.............@..@...
....@.@.........@...
..@....@......@....@
@.........@.........
@..................@
.....@@.......@.....
.@...@.@............
...............@....
....@..@............
....@..@............
....................
Agents:
64
0,4,18,18,17
1,7,18,3,6
2,13,3,19,18
3,7,2,7,17
4,3,14,0,4
5,4,16,10,12
6,8,13,9,2
7,3,8,19,9
8,14,4,9,12
9,19,8,13,3
10,14,17,19,7
11,8,19,1,6
12,0,17,3,9
13,8,7,16,13
14,0,4,17,12
15,11,8,17,16
16,4,2,17,9
17,13,5,9,10
18,2,13,3,10
19,11,4,15,0
20,19,5,10,17
21,6,0,12,19
22,8,17,17,13
23,18,3,1,9
24,16,4,3,12
25,6,7,8,14
26,8,0,17,15
27,17,15,12,7
28,7,9,9,15
29,13,18,3,4
30,18,16,17,5
31,15,11,13,5
32,12,9,15,15
33,15,14,3,8
34,12,7,16,9
35,13,1,13,2
36,5,3,9,7
37,8,10,6,5
38,1,0,11,12
39,16,13,13,6
40,10,1,16,11
41,5,8,1,14
42,16,2,5,4
43,2,3,2,4
44,6,12,6,19
45,5,2,11,17
46,9,14,7,5
47,10,9,19,15
48,10,5,6,14
49,1,4,16,10
50,13,7,11,8
51,11,6,17,10
52,12,4,19,0
53,13,13,1,1
54,18,0,2,0
55,4,10,1,15
56,14,13,12,4
57,17,6,14,8
58,0,7,7,0
59,12,18,4,17
60,10,15,16,17
61,18,13,4,4
62,6,11,12,8
63,10,8,15,18
