8
Grid:
20,20
@@..........@.......
......@.......@.....
.@.........@...@...@
................@...
.............@......
...............@....
............@.......
......@..@...@......
@....@...@..........
@.....@....@.......@
....................
............@@@...@.
....................
...@..@...@.........
....................
..........@.........
..@........@........
........@......@....
.......@@..........@
@............@......
Agents:
68
0,11,0,1,8
1,2,3,10,7
2,0,8,2,17
3,6,4,7,7
4,1,0,6,17
5,19,18,5,19
6,4,11,8,15
7,15,4,3,19
8,19,1,17,16
9,18,16,4,6
10,3,19,13,16
11,1,8,7,18
12,0,18,8,4
13,19,7,0,7
14,10,7,5,13
15,17,18,11,11
16,14,1,16,18
17,0,3,1,9
18,8,2,4,17
19,16,18,14,11
20,6,17,16,14
21,5,7,0,3
22,6,11,10,6
23,13,19,18,2
24,1,17,4,3
25,4,4,7,15
26,5,6,10,11
27,3,12,3,0
28,18,17,9,10
29,0,7,4,2
30,6,13,2,2
31,11,8,19,10
32,5,17,16,8
33,5,0,16,7
34,14,14,0,15
35,2,9,5,18
36,4,19,18,6
37,6,16,9,12
38,13,9,13,14
39,16,13,1,19
40,0,15,13,9
41,3,15,19,2
42,19,9,9,8
43,16,17,18,15
44,1,12,19,1
45,8,13,16,1
46,12,4,14,1
47,14,18,12,3
48,12,8,15,18
49,9,9,9,16
50,15,18,16,10
51,1,9,12,15
52,19,10,17,2
53,4,18,15,16
54,9,17,10,18
55,12,9,12,13
56,18,12,2,5
57,0,2,3,12
58,15,17,15,7
59,1,11,13,7
60,5,13,8,10
61,12,1,4,9
62,5,2,15,14
63,10,5,13,4
64,4,14,8,3
65,9,14,10,1
66,16,0,9,5
67,11,3,4,0
