3
Grid:
20,20
........@........@..
.........@..........
.@...@........@.....
......@...@..@.@....
.............@..@...
...@..........@.....
........@........@.@
........@......@....
....................
..........@.........
...................@
....@@......@.......
....................
........@...........
..............@@..@.
......@@.@..........
..................@.
...@................
.@...@..@...........
..@...@........@@...
Agents:
58
0,16,3,11,1
1,7,13,0,6
2,8,11,6,6
3,0,15,3,14
4,4,4,18,18
5,6,14,11,8
6,7,12,16,4
7,14,11,17,0
8,18,19,12,1
9,6,0,7,18
10,8,14,10,5
11,10,6,11,11
12,8,7,2,18
13,15,18,6,0
14,10,1,2,16
15,6,2,6,15
16,12,10,12,16
17,6,5,9,6
18,7,11,2,4
19,9,15,4,17
20,19,13,11,13
21,1,1,1,17
22,19,7,5,13
23,11,8,1,13
24,10,4,15,13
25,7,2,10,4
26,17,2,11,17
27,14,17,7,11
28,3,1,14,10
29,3,12,16,1
30,0,6,9,4
31,13,5,13,4
32,7,5,0,18
33,0,3,10,1
34,5,12,6,5
35,11,14,1,5
36,10,13,0,15
37,8,8,17,10
38,7,1,7,9
39,8,6,15,12
40,14,4,18,14
41,4,10,1,16
42,16,9,16,16
43,2,6,14,0
44,8,17,16,6
45,15,12,1,15
46,13,14,13,16
47,3,17,5,16
48,12,13,11,16
49,12,4,1,7
50,7,18,19,14
51,14,1,18,9
52,16,13,6,13
53,18,7,19,4
54,11,3,17,11
55,0,9,5,9
56,9,5,8,3
57,5,13,6,10
