2
Grid:
20,20
..............@....@
............@....@..
................@.@.
.....@..@..........@
@...@.....@.........
.....@.....@....@...
....................
..@...@.......@.....
.............@....@.
............@.......
.................@..
@..................@
@...@.@...........@.
....@............@..
.....@...........@..
..@.@...............
............@....@..
...............@....
......@.@...........
.........@..........
Agents:
60
0,6,15,2,4
1,17,5,9,3
2,0,4,10,0
3,15,9,2,5
4,16,18,16,10
5,15,19,15,5
6,4,7,18,1
7,4,18,8,10
8,18,0,0,9
9,8,11,19,4
10,15,15,11,10
11,10,12,14,2
12,19,14,1,7
13,6,1,14,12
14,14,19,19,6
15,4,1,17,10
16,14,12,5,7
17,8,19,19,16
18,19,3,15,8
19,2,8,5,9
20,8,5,19,5
21,12,17,12,5
22,13,6,17,19
23,14,15,19,15
24,19,16,4,2
25,0,12,1,10
26,14,8,0,1
27,0,16,18,16
28,9,1,13,6
29,11,13,12,1
30,3,3,8,0
31,4,6,17,13
32,12,8,7,19
33,1,3,1,9
34,16,0,5,6
35,1,2,5,13
36,6,2,6,11
37,1,0,10,11
38,7,18,4,15
39,19,8,2,0
40,0,1,2,17
41,17,0,12,8
42,18,13,4,9
43,2,17,2,11
44,3,2,17,3
45,2,9,3,15
46,12,7,2,3
47,13,16,12,16
48,19,19,14,11
49,4,2,18,14
50,9,7,5,2
51,0,10,5,8
52,6,6,13,15
53,2,2,4,12
54,8,12,9,9
55,10,8,8,14
56,0,18,17,6
57,7,12,9,8
58,18,1,16,7
59,9,13,2,13
