6
Grid:
20,20
......@......@......
....................
........@..@........
...@@..........@....
@.@.......@.........
....................
....................
.....@...@..........
@@...@........@.....
@......@@...........
.@.....@...........@
..........@..@..@...
..............@.....
@..............@....
...........@........
......@........@....
@.........@...@.....
..@...........@.....
...@....@...@@......
....................
Agents:
56
0,14,8,0,4
1,2,3,7,7
2,16,12,15,8
3,8,3,5,14
4,5,0,0,8
5,9,13,18,10
6,15,4,4,18
7,19,18,9,10
8,11,7,17,11
9,9,15,14,12
10,9,11,1,5
11,6,6,15,17
12,7,15,12,5
13,18,17,3,18
14,5,19,16,7
15,19,14,1,0
16,13,5,19,14
17,12,9,4,13
18,19,9,6,12
19,9,10,14,16
20,10,4,15,12
21,2,18,1,16
22,1,9,17,15
23,10,18,6,19
24,19,10,9,5
25,4,13,12,15
26,5,12,1,17
27,1,11,13,9
28,4,4,6,4
29,5,6,4,16
30,14,3,2,17
31,15,0,10,13
32,5,18,10,8
33,19,12,8,6
34,15,3,3,2
35,12,19,15,4
36,10,14,5,7
37,16,15,15,18
38,14,2,12,8
39,9,2,15,1
40,4,6,13,17
41,4,16,10,18
42,6,15,3,7
43,19,17,11,15
44,12,16,3,0
45,9,17,8,15
46,14,10,4,8
47,13,1,10,16
48,11,3,16,18
49,14,1,1,11
50,1,5,5,16
51,2,6,5,6
52,14,12,2,18
53,5,4,12,0
54,10,2,13,1
55,15,9,8,11
