0
Grid:
20,20
.@..................
..@.................
.............@......
.....@..@@.@....@...
....@...............
.................@..
......@....@........
.@.........@........
.@......@...@.......
.....@......@@.....@
.....@........@..@..
...@@....@..........
...............@....
........@...@.......
...@.........@......
...........@........
......@.@....@......
@...@...............
....................
.....@............@.
Agents:
66
0,7,14,1,5
1,16,17,17,9
2,4,6,3,3
3,0,2,17,12
4,5,15,1,11
5,6,17,14,18
6,16,14,0,16
7,17,18,10,4
8,1,6,10,7
9,19,8,4,19
10,16,10,14,1
11,2,12,17,15
12,1,14,8,18
13,18,13,7,6
14,15,9,2,3
15,15,0,9,7
16,6,9,2,6
17,12,3,1,1
18,19,4,11,11
19,18,11,18,17
20,15,8,12,9
21,11,11,6,0
22,4,16,10,18
23,17,16,5,0
24,15,12,5,15
25,5,5,4,1
26,4,12,16,2
27,19,17,15,1
28,2,16,5,9
29,19,15,5,13
30,11,2,16,10
31,3,10,3,7
32,16,12,17,3
33,2,6,17,1
34,8,19,3,17
35,12,2,16,4
36,2,17,1,13
37,8,4,19,10
38,16,7,7,10
39,5,1,13,11
40,0,3,11,16
41,5,6,2,9
42,6,4,18,13
43,13,1,12,8
44,5,4,12,14
45,10,4,6,13
46,2,18,1,17
47,3,19,2,16
48,4,0,16,0
49,12,17,16,17
50,5,8,18,9
51,11,17,18,5
52,18,3,17,19
53,17,2,0,18
54,1,16,8,2
55,12,19,4,16
56,5,18,7,0
57,6,3,13,19
58,8,9,10,13
59,6,2,19,1
60,17,1,13,10
61,13,16,3,15
62,3,1,5,4
63,7,8,5,11
64,2,19,2,10
65,5,16,3,2
