4
Grid:
20,20
.......@...@......@.
.....@............@.
..........@.........
......@..........@..
.......@..@.@....@..
....@..........@....
..@.................
....@............@..
......@...@.........
.@.......@..........
....@........@......
.......@........@..@
....@..............@
..............@.....
..@.................
.................@..
.......@@...........
...@................
.@.......@.@@.......
@..............@....
Agents:
56
0,15,13,10,3
1,1,6,3,10
2,7,11,8,1
3,12,16,6,7
4,12,10,16,16
5,10,3,0,5
6,9,8,3,18
7,0,2,12,12
8,12,0,9,15
9,11,5,8,18
10,18,8,5,17
11,5,3,4,11
12,1,16,15,6
13,0,1,12,14
14,4,6,9,4
15,14,12,13,19
16,2,9,11,2
17,8,5,16,1
18,16,14,19,6
19,11,12,1,2
20,6,14,12,10
21,6,18,15,13
22,2,1,13,6
23,12,9,9,19
24,1,4,14,16
25,10,16,16,18
26,15,10,14,12
27,15,5,15,2
28,15,18,14,10
29,1,0,7,2
30,13,6,5,13
31,4,16,18,16
32,18,5,19,4
33,9,2,10,7
34,19,2,6,12
35,1,17,10,18
36,19,12,8,16
37,14,15,8,13
38,4,4,17,10
39,16,19,14,7
40,16,0,13,12
41,18,6,5,1
42,14,5,14,1
43,18,7,13,2
44,7,18,15,19
45,12,15,2,12
46,10,10,13,17
47,7,13,12,1
48,4,18,11,5
49,19,8,16,15
50,6,4,17,13
51,11,9,4,13
52,9,4,3,0
53,12,11,1,15
54,11,3,9,2
55,3,11,0,0
