3
Grid:
20,20
@@@.....@@@@@@@@.@@@
@@..@@@.@@@@@....@@@
@@@@@@@....@...@..@@
@@@@@@@.@@...@@@@.@.
@.......@..@@@@.....
..@.@.@@@.@@@@@@.@@@
@@@@@@@@@.@@@@@@@@@@
@@.@@@....@@@@@@@@@@
@@...@.@@.@..@...@@@
@@@.@@.@@.@@...@.@@.
@@@.@@.@@..@.@.@.@..
..@.@@@@@@...@@@@@.@
.@@..@@@@@.@@@..@@.@
......@@@@..........
@@@@....@@@@@@.@.@@@
@@@@.@@..@..@@@..@@@
@....@@@.@@.@@@@...@
@@.@@@@@..@.@@@@.@@@
@...@.@@@....@.@.@@@
@@@...@@..@@.......@
Agents:
20
0,5,16,4,17
1,2,7,8,16
2,2,9,4,19
3,4,6,19,8
4,13,4,9,6
5,17,8,5,3
6,16,17,11,0
7,9,16,12,10
8,13,11,13,10
9,16,8,4,1
10,2,10,4,9
11,14,6,14,5
12,11,10,9,9
13,10,14,10,3
14,17,9,12,18
15,12,14,14,7
16,8,2,10,19
17,12,0,0,3
18,19,14,3,17
19,2,12,9,16
