4
Grid:
20,20
@@@@@@@@@@@@@@@@@@@.
@.....@@@@@.@@.@@@@.
@.@.@.@@@@@....@@@@.
@.@.@.@@.@@@@@..@@..
..@.@.@...@@@@@....@
@@@.@@@.@.@.....@@@@
@@@.....@...@@@..@@@
@@..@.@@@@@@@@@@....
@@.@@..@@@@@@@@@@@@@
@@@@@@....@@..@@@@@@
@@@@@@.@@@@..@@@@@@@
@@@@@@.@@@..@@......
.@.@@@.....@@..@@@.@
...@@..@@@....@@@@.@
@@....@@@@.@@@@@@@.@
@@.@@@@@@...@@.....@
@@.@..@@@.@.@@.@@@..
@@.@@.....@.@...@@@.
@@@@@.@@@@@.@@@.@@@.
@@@@@@@@@@@@@@@@@@@@
Agents:
20
0,3,1,11,14
1,13,5,3,3
2,18,19,7,18
3,11,6,10,11
4,17,9,4,1
5,16,11,4,9
6,1,19,17,13
7,7,16,15,16
8,16,18,3,14
9,12,14,12,13
10,5,13,4,8
11,6,9,11,6
12,5,14,15,14
13,2,12,13,6
14,2,1,3,1
15,7,17,12,7
16,9,12,12,18
17,10,11,17,9
18,13,13,14,5
19,16,9,18,5
