3
Grid:
20,20
@@@@..........@@@..@
@@@..@@@.@@@@...@@.@
@@@.@@@..@@@@@@....@
@@@..@@@@@@@@@@.@.@@
@@@@.@@@@@@@@@@@..@@
@.@@.@@@...@@@@@.@@@
@..@.....@.@@....@@@
@@.@.@@@@@.@@@@@@@@@
@@...@@@@@.@@@@@@@@@
..@@@@@@@@.@@@@@@@@@
@..@@@@@@..@@@@@@@@@
@@.@@@@@@@.@@@@@@@@@
@@.@@@.....@@@@@.@@@
@@.....@.@@@@@@...@@
@@@.@@@..@@@@...@..@
@...@@..@@@@@.@@@@.@
..@@@@.@@@@@@.@@@@@@
.@@@@@......@.@...@@
..@@@@@@@@@.....@@@@
@@@@@@@@@@@@@@@@@@@@
Agents:
20
0,6,4,16,0
1,2,3,6,13
2,17,11,18,0
3,16,6,13,8
4,10,9,13,2
5,6,2,0,12
6,14,13,6,14
7,14,18,1,3
8,18,15,8,4
9,7,10,6,10
10,12,6,6,5
11,17,7,10,9
12,18,1,9,10
13,15,2,15,2
14,18,12,8,3
15,18,13,13,16
16,2,7,5,16
17,1,4,17,15
18,1,3,1,18
19,10,1,13,6
