9
Grid:
20,20
........@@........@.
@@@.@.@@@@.@@@@@@.@.
@@@@@...@@.@@@@.....
@..@@@......@@@@@@@.
@...@.@@.@@.@..@@...
@...@.@@.@@...@@@@@.
..@.......@@@.@@....
.@@@@@@@..@.@.@@@@.@
@@@..@@@@...@.@..@.@
@...@@.@@....@@@....
..@.@@.@.@.@@@.@.@.@
@@@........@.....@.@
....@..@@@@@@@@@@@..
.@.@@@@@@@.@.@@@@...
.@..@@@.......@...@@
@@.@....@@.@@@@@.@@@
@@...@@.@@@.@......@
@@.@@@@.@@..@@@@.@.@
@@@@....@@..@@@.@...
@@...@@......@.....@
Agents:
20
0,0,14,11,9
1,10,0,19,9
2,19,8,18,5
3,14,3,9,1
4,8,9,17,18
5,6,8,8,4
6,8,10,5,13
7,19,2,11,14
8,6,4,9,3
9,2,17,11,18
10,13,12,4,13
11,13,19,9,9
12,0,16,16,17
13,4,17,18,11
14,12,6,12,18
15,10,8,3,10
16,11,15,12,5
17,13,10,13,12
18,0,19,8,9
19,6,19,11,6
