9
Grid:
20,20
@@@@@@....@@@@@@@@@@
@@@@@@.@@.@@.@@@@@.@
@.@@@@..@..@.@@@...@
@..@@@@.@@.@.@@@.@@@
@@.@@@..@@.@.@@@.@@@
@@.@@@.@@@...@@....@
@@.......@@.@@@.@@..
@@@.@.@@..@.....@@@.
@...@.@@@..@.@@@@...
@@@@@.@@@@.@@@@@@.@@
@@@@...@@@@@@@@@@.@@
@....@.@@@@@@@....@@
@.@@@@.@@@@@@..@.@.@
@.@@@@..@@.@@.@@...@
@.@@@@@.@..@@@@@.@@@
@.@@@@@...@@@@@..@@@
..@.@@..@@@...@.@@@@
.@@.@@.@@...@......@
.@@.@..@@.@@@@@@@@@@
@@@...@@@.@@@@@@@@@@
Agents:
20
0,13,6,17,14
1,0,9,1,18
2,5,12,6,3
3,3,10,3,16
4,5,2,6,5
5,19,4,10,5
6,9,10,2,1
7,16,13,17,9
8,5,15,7,12
9,11,3,19,4
10,2,12,8,18
11,16,3,12,14
12,17,10,11,3
13,13,1,1,6
14,13,18,13,17
15,17,11,6,2
16,17,6,5,11
17,0,6,0,9
18,6,4,5,2
19,3,1,14,9
