8
Grid:
20,20
@@@@.@@@@@@....@@@@@
@@...@..@@@.@@....@@
@@.@@@@.....@@@@@@@@
...@@@@@@@.@@@@@@.@@
@@.@@.@@@@.@@@..@.@@
@@....@@@@...@.@@...
@@.@@...@@.@.@.@@@@.
@@.@@@@.@..@@@.@@@@.
@@.....@@.@@@.......
.@.@@@.@......@@@@@@
.@.@@....@@.@@...@@@
.....@@@@@@.@@@@.@@@
.@@@.@@@@@@.@@...@@@
@@@@.@@..@@....@...@
@@......@@.@@@@@.@.@
@@.@@@@@@...@@@@@@.@
@@.@...@@.@.....@@..
@....@.@..@@@@@.@@@.
..@@@@...@@@@@..@@..
.@@@@@@@.@@@@@.@@@.@
Agents:
20
0,2,2,9,13
1,1,11,17,19
2,4,5,5,10
3,10,2,14,10
4,10,0,14,7
5,14,2,9,10
6,1,17,19,0
7,10,5,11,1
8,13,12,0,14
9,3,0,19,8
10,11,1,3,2
11,7,9,9,2
12,13,18,17,4
13,14,16,2,9
14,16,2,17,2
15,14,18,16,14
16,6,2,1,15
17,18,7,6,14
18,19,18,10,14
19,11,11,4,2
