3
Grid:
20,20
@@@@.@@@@@@@@@..@@..
..@...@...@@@@@.....
@...@...@@.@@@@@@.@.
@.@@@@@.@@......@.@.
@@@...@....@@@@.@.@@
@@@.@..@@.@@@.@...@.
@@@..@@@..@....@.@..
.........@@@@..@.@..
.@.@.@.@...@.@...@@.
@@..@@.@@.@..@..@@@.
@@@@@@.@@...@.@...@.
@@@@....@@@.@....@@.
..@@@.@...@@@@.@@...
@..@@@@@.@@@@@...@.@
@..@@@........@@@@..
..@@@...@.@@@...@@@.
@.@...@@@.@@@@@.....
....@@@@@.@..@...@@@
.@....@.@@@@...@...@
@@@@@.......@@.@@@.@
Agents:
20
0,10,19,17,0
1,10,10,14,6
2,6,11,12,14
3,6,8,12,1
4,14,8,10,16
5,9,3,3,13
6,15,13,16,16
7,2,1,16,15
8,17,15,5,3
9,6,9,2,10
10,11,19,18,14
11,5,13,2,5
12,4,4,0,14
13,18,0,3,10
14,17,16,19,6
15,3,10,19,14
16,19,5,13,2
17,1,17,9,12
18,9,14,18,4
19,0,4,15,1
