2
Grid:
20,20
@@@@@@@@@@...@@@@@@@
@@@@@@@@@@.@@@@@@.@@
@@@......@.@@@@@@.@@
@@@.@@@@.@.@@@@@@..@
@@@.@@@@...@@@@@@@.@
@@..@@@@@@.@@@@@@@.@
@@@@@@@@...@@@@@@@.@
@@@@@@@@.@..@@...@.@
@@@@@@...@@.@@@@.@.@
@@@.@@.@.@@@@@@....@
@@.....@@@@@@@@@@@.@
@@.@.@@@@@...@@@@@.@
@..@.@@@@@.@.@@....@
@.@@.@@@@@@@..@.@@.@
@.@@.@.@@@@@@.@.@@.@
@.@@...@@@@@@.@.@@.@
@.@@@@.@@@@@..@@@@.@
@...@@...@@@@......@
@.@@@@@@...@..@@@@@@
@...@@@@@@...@@@@@@@
Agents:
20
0,7,14,17,15
1,7,16,12,16
2,7,18,5,3
3,18,1,2,7
4,8,16,4,9
5,17,6,12,4
6,1,10,16,18
7,5,3,11,12
8,8,7,2,4
9,11,2,8,8
10,12,17,13,13
11,14,1,7,14
12,3,8,2,3
13,15,5,3,8
14,18,10,6,9
15,14,15,15,15
16,11,18,8,16
17,8,6,12,10
18,4,3,17,16
19,17,15,1,17
