2
Grid:
20,20
@@.@@@@@@@@@@...@@@@
@@......@@..@@@.@...
@@@@.......@@@@...@@
@@@..@.@@@.@@...@@.@
..@@@..@@@@@@@@.@..@
@.@@@@....@.....@.@@
..@@..@@@...@@.@@..@
@....@.@@@@@.@.@@@.@
@.@@.............@..
@.@@.@@@@.@.@.@....@
@.@@.....@@@@@@.@.@@
@...@@@@@@@@@@@.@...
@..@@@.@@@@@@@@.@@@.
..@.@@.@.....@...@@.
@@@.@....@@@.@@.@@@@
@...@.@.@@@.....@@.@
..@...@@@@@.@@@..@.@
@@.@..@@@@@.@@@@....
@@....@@.......@@.@.
@@.@@@@@@.@@@@.@@.@@
Agents:
20
0,18,13,0,15
1,5,8,17,17
2,8,15,16,5
3,7,3,4,0
4,16,5,14,8
5,10,4,12,19
6,14,7,8,12
7,5,14,11,3
8,5,9,4,18
9,2,7,12,1
10,18,5,6,4
11,9,17,18,5
12,8,4,13,0
13,1,19,3,4
14,12,19,7,1
15,8,16,15,11
16,18,11,6,10
17,5,17,7,4
18,9,18,11,1
19,11,18,6,14
