6
Grid:
20,20
.@@@@@@@@.@@@@@@@@@@
.@@@@@@@@.@@@@..@@.@
.@.@....@.@@@@.@@..@
...@@@@...@@@..@@.@@
@.@@@@@@.@@@@.@@@.@@
@.@@@..@..........@@
@..@@@..@.@@@.@@@.@@
@@....@...@@@.@@@..@
@@@@@.@@@.@@@@@@@.@@
......@@@..@@@@@@.@@
@@.@.@@@@@.@@@@@@@.@
@..@..........@@@@.@
@.@@@@@@.@@@@.@@@@.@
....@@@@...@@......@
@@.@@@@@.@.@@@@.@@..
@@.@@.@@@@.@@@@.@@@.
@@.@@......@@@@.@@@.
@@.@@@@.@@.@@@@@@@@.
@..@@@@@@@....@@@@@@
@@@@@@@@@@@.@...@@@@
Agents:
20
0,18,13,15,19
1,5,1,13,0
2,5,14,13,10
3,13,1,2,14
4,2,5,2,0
5,0,0,12,18
6,5,9,7,3
7,1,14,5,15
8,13,0,3,14
9,6,7,10,4
10,3,14,6,6
11,15,2,17,19
12,18,2,6,13
13,2,6,11,13
14,15,19,18,12
15,8,17,11,8
16,9,3,17,2
17,5,5,11,12
18,12,18,11,6
19,5,6,15,5
