6
Grid:
20,20
@.@@@@@@@@@..@@@@@..
.....@.@@@@@.@@...@.
@@@@...@@@@@....@...
@@@@@@.@.@@@@@@.@@@@
@@@@@@...@......@@@@
@...@@.@@..@@@@.@..@
..@.@..@@@.@@@@.@.@@
.@@...@@...@@.@...@@
@@@@..@@@@@@@...@@@.
..@...@@@@@@@.@@@@@.
.@@.@...@@....@@@@..
....@@.....@@...@@.@
.@.@@@.@@.@@@@@.@..@
@@.@@@@@@...@@@...@@
@@@@..@@@@@.@@@@@..@
@.@..@@@@@@....@@@..
..@@.@@@@@@.@..@@@@.
@.@@...@@@@.@@...@@.
@....@......@@@@.@@.
@@@.@@@@@@@@@@@@@@@@
Agents:
20
0,14,11,14,18
1,4,8,11,10
2,0,18,1,16
3,12,6,6,5
4,6,5,8,4
5,11,1,8,15
6,2,12,4,13
7,13,9,12,15
8,9,3,10,19
9,7,5,8,19
10,11,7,7,0
11,18,11,1,4
12,7,13,10,3
13,16,14,18,2
14,11,10,11,6
15,7,17,16,4
16,11,0,12,18
17,18,3,13,15
18,13,16,11,3
19,18,2,0,19
