5
Grid:
20,20
@@@.@@@..@.....@@@@@
.@@..@@@.@.@@@.@....
.@@@........@@.@@.@.
.@...@@.@.@.@....@@.
..@@@@@.@@@@@@.@@.@.
@..@......@@@@@@@.@.
...@.@@.@.@@........
.@.@..@.@.@@@@.@@.@.
@..@..@@@.@....@..@.
@....@@.@@..@@@..@@.
@.@@.....@@@....@@@.
@.@@@@.@.@@@@@@@@...
@...@@@@@@....@..@.@
@.@@@@.@@..@@..@...@
@.@@@@..@...@@...@@@
.......@@@@.@..@....
..@@@@..@@@@@.@.@.@@
.@@........@@...@.@@
..@.@.@.@@....@@@...
...@@@@@@@.@.@@@@.@@
Agents:
20
0,17,15,6,12
1,12,13,7,4
2,9,10,14,1
3,12,11,10,5
4,3,9,2,14
5,13,1,3,4
6,3,13,3,16
7,2,9,1,14
8,11,19,18,10
9,13,18,9,11
10,6,12,13,16
11,15,18,17,17
12,10,5,0,8
13,9,7,0,14
14,0,3,19,0
15,19,2,18,1
16,8,19,0,3
17,1,8,17,7
18,2,5,14,14
19,11,17,0,11
