0
Grid:
20,20
......@@.@@@.@.....@
@.@@@....@@..@.@.@.@
...@@@..@@@@...@.@@@
.@.@@@@....@@@@@..@@
.@@@@...@.@@@@@@@...
@@@....@@.@@.@....@.
@@..@..@@@@@...@@@@.
...@....@@...@@@....
@.@@.@.@...@...@@...
..@@.@@@@@.@@.@@..@.
.@@@....@...@@@@.@..
.@.@@.@.@.@@@@@@@..@
@...@@@...@...@.@.@@
@.@.@@....@@@.@....@
@.@....@@.@@...@@@.@
@.@@.@@...@@.@..@@..
@.@..@@.@....@@.@..@
...@.@...@.@.@@.@@@@
.@.@.@@@@@..@@....@@
@@.@@......@@..@@@@@
Agents:
20
0,4,9,19,13
1,13,9,1,8
2,18,17,8,13
3,18,4,2,7
4,14,6,15,14
5,11,2,9,19
6,2,6,7,4
7,10,18,14,1
8,4,5,1,5
9,14,3,3,16
10,0,15,19,7
11,7,19,11,2
12,14,9,5,6
13,18,2,17,4
14,15,14,10,4
15,0,8,9,16
16,16,10,2,14
17,0,3,12,8
18,19,9,7,2
19,3,7,16,7
