1
Grid:
20,20
....@@@@@..@@@@..@@.
.@@...@..@...@@.@@..
.@@@@.@@.@@@.@@..@@.
@@@...........@@.@@.
@@@.@@@@.@@.@..@....
.@...@@@.@@@@@.....@
...@...@@@.@@@@..@..
@..@.@.@@.......@@@@
.@.@@..@..@.@.@.....
....@@@@.@@@@.@@.@@.
@.@..@.@@@@...@@.@@.
@@...@...@@.@@@@@@..
@@...@@@.@@@@@.@@@@.
.@.@......@@@....@@.
.@.@@@@@..@...@@..@.
.@......@@.@@...@..@
...@..@....@@.@.@@.@
@.@@.@...@....@@@..@
..@@.@.@.@@@.@.@@.@@
@@@@.@@@.@@@...@@.@@
Agents:
20
0,15,15,3,5
1,1,3,15,13
2,3,4,13,14
3,5,8,19,4
4,8,6,8,8
5,6,0,2,15
6,15,17,1,4
7,7,10,14,17
8,0,2,7,11
9,18,17,9,2
10,3,13,17,13
11,9,3,4,17
12,6,4,3,10
13,14,16,19,14
14,17,1,16,15
15,14,9,9,0
16,15,5,4,14
17,6,18,11,6
18,18,1,7,12
19,0,1,17,4
