5
Grid:
20,20
@....@@@@@@@@@@@@@@.
@.@.@@....@@@.@.@@@.
@.@.@@.@@@@@@...@@@.
@.@....@..@@@.@@@@..
@.@@@@...@@@@.@@@@.@
@..@@@@@.......@...@
@@.....@..@@@@...@.@
@@@@@@@@@..@@@.@@@.@
@@@@@@@@@@.@@@@@@@.@
..@@@@@@@@..@@@@@@@@
@.@@..@@@..@@...@@@@
@..@@...@@.....@@@..
@@....@.@@.@@@......
@.@.@@@..@.@@@@@..@@
@....@@@...@@.@@@.@@
@.@.@@@@@.@@..@@@...
@.@...@@@..@.@@@..@.
@.@@@@@@@@...@@@...@
..@@@@@@@@@@.@@@.@..
@......@.....@@@@@@@
Agents:
20
0,3,19,14,3
1,0,2,16,5
2,4,18,12,4
3,14,1,13,3
4,11,2,6,16
5,19,11,5,14
6,10,10,5,1
7,15,18,10,10
8,7,18,1,13
9,3,6,16,3
10,16,10,2,13
11,17,12,10,13
12,18,12,6,18
13,12,15,16,4
14,5,13,10,5
15,5,9,1,19
16,10,15,15,18
17,9,11,9,11
18,14,2,6,14
19,16,16,7,9
