7
Grid:
20,20
@.........@@@@@@@@@@
@@.@.@.@.@@.@@.@...@
....@@@@@@.......@.@
@@.@.@@@...@@@.@@@.@
@........@.@@@.@@@..
..@@.@@@@@@@@@.@@@@@
.@@@..@...@@......@@
..@@@@@@@..@@@@@..@@
@.@@...@@@..@@@@@@@@
@.@@.@....@.@@@@@@..
@.@..@@@@.....@@@@.@
...@.@@@.@@.@@@@@@..
@@.@.@@...@.@....@@.
.....@..@.....@@....
.@@@.@@@..@@@@@@@@@@
...@.@@@.@@.@@@.@@@.
.@@@..@.....@@@.....
.@@@@.@@@.@@@@@@@@.@
.@@.@...@.@@@@@@@@.@
@@....@@@..........@
Agents:
20
0,6,17,9,11
1,14,0,14,8
2,19,2,13,7
3,13,6,7,17
4,17,9,19,12
5,1,18,2,3
6,10,1,16,16
7,0,9,4,1
8,7,16,3,14
9,19,17,12,2
10,4,8,10,4
11,5,4,10,18
12,2,18,9,8
13,15,4,6,0
14,0,3,5,1
15,11,19,12,11
16,16,5,6,9
17,2,15,13,17
18,1,14,6,8
19,6,7,16,5
