9
Grid:
20,20
@@@@@@...@...@@@@@.@
@@@.@@@@.@@@.@.....@
@...@@@....@...@@@@@
@@..@@@.@@...@@@@@..
@@@.@.....@@.@@@@@.@
@.@...@@.@@@..@@@@.@
....@@@@.@@@@...@@.@
.@@@@..@.@@@@@@.@..@
.@@@@@......@@@...@@
.@@@@@.@@.@@@@@.@@@@
@@@@@@..@..@.......@
@@@@@@@.@..@.@@@.@@@
@@@@@.@.@@.@..@@.@..
@.@.....@@.@@.@..@.@
....@.@@@@.@@.@@...@
.@@@@...@@..@..@@@.@
....@@@..@@.@@@@@..@
@.@@@@..@@@.@@@@@.@@
@.@@@@.@@@@..@......
@@@@@...@@@@@@@@@@@@
Agents:
20
0,12,18,10,13
1,12,19,16,17
2,3,2,10,14
3,5,18,9,15
4,4,5,4,5
5,6,15,14,16
6,11,10,7,6
7,1,18,6,8
8,16,7,4,9
9,16,11,10,16
10,15,0,4,3
11,17,11,4,8
12,7,18,4,6
13,1,14,11,7
14,7,8,5,3
15,18,11,1,12
16,5,13,11,12
17,14,10,2,3
18,10,13,6,2
19,10,18,0,7
