2
Grid:
20,20
..@@.@@@..@@@@@@@@.@
...@.@.@.@@..@@@.@..
.@@@.@....@@.@@....@
.@@@.@@.@@@......@..
..@@.@@.@@.@@@@...@.
@.@..@@....@@@@.@@@.
@...@@@.@@@......@@@
@@.@@....@..@@..@@@@
...@@.@.@..@@.@...@@
.@....@.@@.....@@.@@
...@@.@..@@..@.@@@@@
.@@@..@..@.@.@.@@@@.
..@@@.@@.....@@.@...
@@....@@.@.@@@..@.@@
@..@@..@@@..@@.@...@
@.@.@@@@...@@....@..
@....@@..@@@@.@@@...
@.@@@@@.@.@.@.@@...@
@...@..........@.@..
@@@.@@@@@@@@.@..@...
Agents:
20
0,3,16,18,8
1,15,9,12,10
2,6,2,6,15
3,11,8,1,6
4,2,8,3,19
5,12,17,15,14
6,17,18,13,17
7,5,19,11,5
8,11,7,9,14
9,8,17,1,2
10,12,8,5,10
11,6,11,5,7
12,13,2,18,2
13,2,0,19,14
14,3,14,3,4
15,3,11,7,10
16,19,15,3,12
17,8,16,14,6
18,10,5,11,12
19,4,17,9,4
