6
Grid:
20,20
@.@@.@@@@.@@@@@...@@
........@.@@@@@@@...
.@@@@@.@@........@@.
.@@@@@@@..@@@@.@.@..
.@@@@.@@.@..@..@...@
....@.@....@@.@..@..
@..@@....@@@@@@@@@@.
@@.@@.@@.@@@@@@@@@..
.@....@@.@.....@@@.@
.@.@@@@@...@@@@@@@.@
.@.@.@...@..@@@.@@.@
.@.@.@@@@@@.@@@.@@.@
.@.@.@@@@....@@.@..@
.@.@......@@.@..@.@@
...@@@@@@@.....@@..@
.@...@@@@@.@@@@@@@.@
.@@@@@...@..@@@@...@
...@@@.@...@@@@@.@..
.@.@@...@@@@@@@@.@@.
@@.@..@.@@@@.....@@.
Agents:
20
0,17,19,13,8
1,5,0,7,19
2,17,0,9,18
3,0,17,19,4
4,8,2,17,10
5,16,17,9,8
6,1,5,10,2
7,13,0,16,0
8,11,18,9,0
9,4,16,5,0
10,1,7,16,17
11,14,0,9,10
12,3,9,14,12
13,6,19,13,12
14,5,1,1,9
15,1,18,8,14
16,13,9,5,5
17,8,12,18,7
18,0,16,16,6
19,14,13,1,3
