1
Grid:
20,20
@@@.@@@.@@@@.@@@@..@
@....@@.@@@@..@@@@.@
@@.@@@@.@@@@@.@@@..@
@@..@@@...@@@..@@.@@
@@@.@@.@.@@@@@.@....
@...@@...@@@.@...@@.
@@@.@@@@.@@@...@@@@@
@.@........@@..@@@@@
@.@.@@@@@@....@@@@@@
@...@@@@@..@...@@@@@
..@@@@@@@@@@@@....@@
.@@@...@@@@@@@@@@@@@
..@..@@@@@.....@@@@@
@...@@@@@@.@@@.@@@@@
@.@@@@@....@@@.@@@@@
@.@.@@@.@@.@@@.@@@@@
@........@.@@@.@.@@@
@@.@@.@@@@.@@@...@..
@@.@@..@@@..@@@@...@
@@.@@@.@@@.@@@@@@@@@
Agents:
20
0,12,10,13,1
1,6,13,5,1
2,12,14,7,8
3,12,1,13,14
4,0,17,14,7
5,10,15,17,5
6,3,17,14,14
7,7,8,4,3
8,9,2,11,4
9,14,7,2,7
10,18,11,16,1
11,10,17,5,6
12,15,3,7,1
13,8,13,19,10
14,13,2,9,3
15,9,9,16,10
16,3,14,18,10
17,15,10,1,4
18,16,4,16,7
19,5,14,5,8
