0
Grid:
20,20
@@@@...@@@@@@.....@@
@@@@.@@@@@@@@.@@@.@@
@@@..@@@@@@@@.@@@...
@@@.@@@@@@@@@.@@@@@.
@...@@@@@@....@@@@@.
@.@@@...@@.@@.@@@...
@.....@..@.@@@@@@.@@
@@@@.@@@.@.@@@@@@@@@
@@@@.@@@.@.@@@@@@@@@
@@@@.@@@....@@@@@@@@
@....@@@@@@...@@@@@@
@.@.@@....@@@..@@@@.
@.@@@@@@@.@@@@.@@@..
@.@@@@@@@.@@@@..@@.@
@..@@@....@@@@@.@@.@
@@.....@@.@@@@@..@.@
@@@.@@.@@...@@.@.@.@
@@@.@@...@@.@@.....@
@@@@@@.@.@@@@@@@@@@@
@@@@@@@@@@@@@@@@@@@@
Agents:
20
0,16,10,0,13
1,5,6,17,18
2,14,2,10,2
3,3,13,16,14
4,5,5,5,18
5,9,10,5,19
6,4,19,4,10
7,0,5,12,9
8,6,2,15,3
9,3,19,17,3
10,0,16,4,3
11,1,17,5,6
12,18,6,1,17
13,8,10,7,8
14,15,18,1,4
15,12,1,0,4
16,11,6,12,14
17,6,7,14,8
18,13,14,1,13
19,11,8,2,17
