7
Grid:
20,20
@@@@@@.@@@@@@@@@@@@.
.@@@@@.........@@@@.
..@@@@@@@.@@.@......
@...@@@@@.@@.@@@@@@@
@.@...@...@@@@@@@@@@
@@@@@.@.@@@@@@..@@.@
@@@@@...@@@@@@@.@@.@
@@@@@@@.@@@@@@@.@@..
@@@@@...........@@@.
@@@@@@..@@.@@@@.@@..
....@@@.@@.@@@@.@@.@
@@@.....@@..@@@.@@.@
@@@@@@.@@@@@@@.....@
@@@....@@@@@@@@@@.@@
@@@@@@...@@@@@@@@.@@
@@@@@@.@.@@@@@@@@.@@
@@.@@@.@.@@@@@@@@.@@
@@.@@@.@.@@@@@@@@.@@
@@.@@..@...@@@@@@@@@
@@....@@@@@@@@@@@@@@
Agents:
20
0,5,14,12,16
1,17,6,11,11
2,19,2,5,18
3,9,18,6,15
4,11,11,1,10
5,8,14,15,8
6,7,18,17,8
7,12,16,1,19
8,5,18,17,6
9,17,17,4,7
10,7,15,8,19
11,5,7,1,12
12,11,5,18,6
13,4,4,10,1
14,4,8,1,9
15,9,6,7,19
16,15,17,16,17
17,15,8,4,1
18,8,6,14,8
19,11,7,4,8
