0
Grid:
20,20
....@@@@@@@.......@@
.@@.@@@@....@@@@@..@
.@@@@@@@@.@@@@@@@@.@
..@@@@@@@.@@@@@@...@
@.@@@.....@@@@@@.@..
@.....@@@@@.......@.
@@.@@@@@@@@.@@@@@@..
@@.@@@@@@.@@@@@@@..@
@..@.@@@@.@@@@@@..@@
@@@@.@@@@.@@@@@@.@@@
@@@@...@@.@@.....@@@
@@@@@.@@...@.@@@.@@@
@@@.@.@@.@...@@@...@
@.....@@@@@.@....@.@
..@.@@@@@@...@@@@@.@
@@@.....@@.@..@@@@.@
@@@@@.@.@@.@@.@@@..@
@@....@.@@.@@.@@@.@@
@@@@@@@....@@.@@@...
@@@@@@@@@@@@@@@@@@@@
Agents:
20
0,12,3,5,3
1,0,12,4,7
2,12,18,11,9
3,14,1,14,0
4,10,16,15,18
5,3,16,17,3
6,15,10,3,17
7,6,2,1,11
8,18,9,0,13
9,5,13,5,4
10,16,17,10,14
11,11,16,0,12
12,15,6,18,9
13,0,2,1,0
14,5,14,8,9
15,14,3,8,1
16,5,4,13,3
17,10,6,0,2
18,1,3,11,16
19,3,0,3,1
