6
Grid:
20,20
.@@...@@@@@.@..@@...
..@.@@@..@@.@@...@@.
@....@@@.......@@.@.
@.@@....@@@@@@......
@.@@.@@.....@@.@.@.@
@.@..@@@@.@.@@@@..@@
@.@@.@@.@@@..@@@@.@@
@...@@@..@@@..@@@.@.
@@@.@.@@..@@..@@@...
..@...@@@.@@.@....@.
@..@@..@@......@@@@.
@@..@@.@@@@@@.@@@@@.
...@@...@@..@@...@@@
.@....@@@...@.@@.@@@
..@@..@@@.@....@.@@.
.@....@@.@...@.@.@@.
@@.@.......@.@.@.@@.
@@.@@@.@@.@@@.....@.
..@.@@.@..@@@.@@@.@.
@......@@...@.@@@...
Agents:
20
0,15,3,17,19
1,13,5,17,6
2,16,9,1,8
3,15,10,15,5
4,16,12,10,13
5,16,6,7,3
6,4,7,15,12
7,19,19,14,0
8,3,15,12,15
9,15,11,19,2
10,12,7,15,8
11,14,11,0,19
12,8,5,10,11
13,3,17,19,9
14,2,17,14,9
15,7,7,17,13
16,17,16,2,17
17,9,1,8,18
18,19,13,8,19
19,10,10,7,8
