8
Grid:
20,20
@@@@@@.@@@@@@@...@@@
@@@@@@.@@@@@@@@@.@@@
@@@@@@.@@@@@.@@@.@@@
@@.@...@@....@@@...@
@@...@@@@.@@@@@@.@@@
...@@@@@@.@@@@...@@@
.@@@@@@@@......@@@@@
.....@@@..@@.@@@@@@@
@@@@.....@@@.......@
@@@@.@@@@@@@@.@@@@.@
@@@@.@@@@@@@..@@@@.@
@@@@...@@@@@@.@@@@.@
@.@@@@...@@@@.@@@@.@
@.@@@..@@@@....@@@.@
@.....@@@@..@@..@@.@
@.@@@.@@...@@@@@@@.@
..@@@.@@.@@@@@@@@@.@
.@@@@.@@..@@@@@@@@..
.@@@@@@@@@@@@@@.@@@.
@@@@@@@@@@@@@@@.....
Agents:
20
0,16,18,3,18
1,10,18,13,11
2,13,5,3,12
3,4,3,15,9
4,10,4,10,12
5,5,9,13,13
6,19,19,14,5
7,18,15,15,18
8,17,0,12,7
9,3,2,8,6
10,0,14,8,5
11,4,9,4,16
12,5,15,4,3
13,1,6,8,15
14,9,18,8,8
15,16,0,15,10
16,4,16,15,5
17,15,5,19,18
18,13,1,13,5
19,11,13,7,4
