9
Grid:
20,20
@@@@.....@@.@@@@@@@@
@...@.@..@@.@@@.@@..
@@.@..@@@@@.....@..@
@....@@@.@..@@.@@.@@
@.@.@@...@.@@@....@@
@.@.@@.@@@.@...@.@@@
@@@....@@..@@@@@.@.@
@@..@.....@@@@@@...@
@@.@@@@@.@..@.@@.@@@
@@..@@@.....@.@.....
...@@...@...@.@.@@@.
@@@@@..@@.@.@.@..@@@
@.@@@.@@..@...@@.@.@
@.@@@@.@...@@@@@...@
.........@..@@@..@.@
@@.@@@@@.@@@@@@.@..@
@@.@.@@..@@@....@.@@
@@...@@.@@@@.@@@@.@@
...@.@@.@@@..@....@@
@@@@..@..@@.@@@.@...
Agents:
20
0,14,3,18,0
1,0,4,12,12
2,7,6,1,8
3,17,17,17,12
4,13,16,17,3
5,19,8,11,6
6,10,9,13,1
7,16,15,6,10
8,1,11,2,18
9,1,3,8,8
10,16,14,14,10
11,8,2,16,4
12,3,11,19,18
13,7,2,12,5
14,16,13,10,15
15,17,12,1,19
16,12,16,3,4
17,10,10,10,10
18,16,2,6,16
19,7,16,2,5
