2
Grid:
20,20
@@@@@@@@@@@@@@@@@@@@
.@@@@@@@..@.@@@....@
..@@...@@...@.@.@.@@
@.@@.@.@@@.@@...@.@@
@..@.@..@@.@...@@.@@
@@...@@.@....@.@@@@@
@..@..@...@@@@.@@@@@
..@@@@@.@.@@@@.@...@
.@@@@@@@@.@@@@...@.@
.@@@@@@@@....@@@@@.@
...@@@@@@.@@.@@@@@@@
.@@@@@@@@.@@..@@@@@@
.@....@@@.@@@...@..@
...@@@@@@.@@@.@...@@
@@@@@@.....@@@@@.@@.
@..@@..@@@.@@@@.....
@.@@@@.@@@@@@@..@.@@
@...@@.@@@@@...@@.@@
@@@....@@@@@@@@@@..@
@@@@@@@@@@@@@@@@@@..
Agents:
20
0,17,2,3,6
1,16,15,12,5
2,13,16,3,10
3,1,17,9,12
4,18,5,17,1
5,1,9,6,7
6,17,14,12,3
7,5,10,7,7
8,10,0,6,1
9,18,17,3,15
10,6,5,4,12
11,12,18,4,2
12,7,7,7,1
13,15,19,6,4
14,13,0,8,16
15,2,9,18,17
16,2,17,16,17
17,3,17,15,16
18,12,9,2,10
19,15,17,8,9
