8
Grid:
20,20
@@.@@@@@..@@@@@@@@@@
.........@.@@@.@..@@
.@@@.@..@@.@@@...@.@
.@@@.@@..@.@...@....
.@..@@@@....@@@@.@.@
.@@.@@....@.@@@@.@..
@@@.@@@..@@@@@@@@..@
@@@.....@@.@@.@@@.@@
@.@@@.@@.@.@@.@...@@
@...@....@....@.@@..
@@@.@.@@@@.@@....@@.
@@..@.....@@@@@@.@..
@...@@@.@...@@@@...@
@.@@@@@.@@@..@@@@.@@
..@@.@@..@@@.@....@@
@.@@..@.@@.@@..@@.@.
...........@@.@@@...
@@@@@@@@.@@@@.@@@@.@
@@@@.@@........@@@..
@@......@@@@@@@@@..@
Agents:
20
0,1,10,11,7
1,0,9,4,9
2,3,17,14,17
3,3,13,14,16
4,17,13,3,7
5,9,15,5,0
6,18,4,16,0
7,13,1,18,10
8,4,18,3,18
9,9,13,11,5
10,8,5,11,19
11,3,19,1,16
12,15,17,4,10
13,14,16,14,7
14,4,16,18,9
15,9,11,6,18
16,18,11,14,14
17,6,3,18,13
18,10,14,1,7
19,3,10,5,3
