8
Grid:
20,20
@@.@@.....@@@..@@@@.
.@.@..@@.@..@.@@@@..
.....@...@.@...@@@@.
@.@@@@..@@.@..@@.@@.
..@@@@.@@@....@@....
@@@....@@@@@@....@@@
@@.@@.@@.......@...@
@@....@@@.@@@...@@.@
.@..@@@@..@@@@@.@@.@
...@@@.@@...@@@@@@.@
@@.@@...@...@.....@@
...@@@..@@.@@..@@..@
....@.@..@....@@@@@@
.@@........@.@@@@@.@
@@...@@@@@.@@@..@..@
@..@@@...@.@@.....@@
@@@@@..@.@..@.@@@...
.@@@@@.@...@@.@@.@@.
.@.....@@.@.@.@.....
...@@@@@......@@@@..
Agents:
20
0,3,7,7,13
1,10,9,11,7
2,7,13,10,9
3,10,14,15,7
4,13,5,15,17
5,2,1,10,6
6,2,6,8,8
7,3,13,18,16
8,2,7,10,2
9,18,13,4,1
10,2,8,3,19
11,2,14,9,1
12,16,6,19,19
13,18,17,8,0
14,17,19,18,15
15,19,8,5,16
16,2,2,0,14
17,5,3,9,11
18,15,6,2,7
19,14,18,1,8
