4
Grid:
20,20
@.@@@@@@@@@@@@@@@@.@
@....@@@@@@@@.@....@
@@@@.@@.....@...@.@@
@@@.....@@@.@@@@..@@
@@@.@@@.@@@.@@@@.@@@
@@@.@@@@@@..@@@@..@@
.@..@@@@@@.@@@@@@.@@
...@@@@@@..@@@@@@.@@
@@@@@@@@@.@@@@@@@.@@
@@@@@@@@@.@@@@....@@
@@@@@.......@@.@@@@@
@@@.@.@@@@@....@@@@@
@@@.@.@@@@@@@@.@...@
@@@...@@@@@@@@...@..
@@@@@.@@@@@@@@@.@@@.
@@@@@.@.........@@..
@...@.@@@.@@.@@.@@.@
@@@...@@@.@@.@@.@@@@
@@@@@@@@@.@@@....@@@
@@@@@@@@@.@@@.@@@@@@
Agents:
20
0,6,10,10,9
1,13,15,19,13
2,12,14,10,5
3,2,15,1,4
4,1,15,11,14
5,2,17,5,11
6,2,13,12,3
7,12,3,18,9
8,10,10,13,3
9,2,7,13,14
10,15,15,2,4
11,10,5,2,10
12,5,17,15,19
13,15,5,11,3
14,15,8,15,14
15,13,14,1,1
16,4,16,12,18
17,7,2,7,17
18,12,17,16,12
19,10,6,16,1
