1
Grid:
20,20
@...@@......@@@@@...
@.@....@@@@@@@...@@.
..@@.@.@@@@@@..@.@..
.@@@@@...@@@@.@@...@
.@@@...@......@@@@.@
@@@@@@.@@..@@..@@..@
@..@@@.@@@@@..@.@@@@
@@.@@..@@@...@...@@.
...@@.@@@@@.@..@.@@.
@@......@...@@.@....
@@@@@.@.@@.@@@.@@.@.
@.....@@@@@@...@@.@.
@.@@.@@@.@@..@..@@@.
@.@@@@@@.....@@.@@@.
@..@@@@@.@.@.@@.@...
@@.....@.@..@@...@@.
@@.@@@..@@@.@..@@@..
...@@..@@...@.@@@@.@
@@..@@....@@@@@.@@..
@@@@@@@@@.@@@@@....@
Agents:
20
0,18,18,18,9
1,10,10,2,14
2,16,6,18,7
3,7,16,1,19
4,5,17,6,1
5,9,14,7,10
6,8,16,11,2
7,14,18,1,3
8,9,7,0,10
9,13,1,3,6
10,12,4,17,6
11,7,12,0,1
12,6,13,7,14
13,8,0,12,4
14,16,13,19,15
15,8,5,13,12
16,8,1,17,2
17,16,2,9,16
18,10,17,13,10
19,3,18,16,14
