9
Grid:
20,20
@@@@@@@@@@@@@..@@@@@
..@@@@@@@@.@@.@@@@.@
.@@@@@@@@@....@@@@.@
...........@@@@@@@.@
.@@@.@@@@@..@@@....@
@@@@....@@@.@...@.@@
@@@@@@@.@@@...@@@.@@
@@@@@@@.@@@@@@@@@.@@
@@@@@@@.@@@@@@@@@.@@
@@@@@@@..@@@.@....@@
.@@@@@..@@@@...@@.@@
....@@.@@@@@@@@@@..@
@@@.@@....@@@@@@@@..
@@@.@@.@@.....@@@@@.
@@@..@.@@@.@@.@@@@@.
@@@@.@.@@@@@@.@@@@@.
@......@@@@@@..@@@@.
@.@@@@.@@@@@@.@@@@@@
@@@@...@@@@@@.@@@@@@
@@@..@...@@@..@@@@@@
Agents:
20
0,3,1,19,7
1,3,3,9,8
2,13,12,9,7
3,19,6,5,17
4,4,11,2,10
5,16,6,4,11
6,3,5,12,9
7,2,13,11,17
8,3,18,5,13
9,13,19,18,5
10,13,3,0,13
11,15,4,19,6
12,11,1,3,2
13,1,1,9,17
14,13,9,7,17
15,9,16,16,6
16,6,17,12,6
17,8,7,1,0
18,19,8,13,9
19,5,11,11,1
