5
Grid:
20,20
.....@..@@@.@@@@@@@@
@.@@.@........@@@.@@
@@@@...@..@@@.......
@@@@.@..@....@.@@@@@
.....@@@@.@@@..@@@@@
@@@@...@@.@@....@@..
@@@@.@@@@.@@.@@.@@.@
..@..@@@...@@@...@.@
@.@.@@@@@@.@@@@@....
@....@@@@@.@@..@@@@@
@@@@.@@@...@@...@@@@
@@@@..@@@..@@@.....@
..@@@.@.@@..@@@@.@..
@.@.....@@@@@..@.@@.
...@@@.@...@@.@..@@.
.@...@...@@@@...@@@.
..@@.@..@.....@.@.@.
..@@.@.@..@@@@....@.
.@@@...@.@@@@@.@@@@@
..@@.@...@@@@@@@@@@@
Agents:
20
0,17,4,16,4
1,3,6,4,4
2,19,1,18,5
3,4,13,13,7
4,10,14,5,13
5,14,10,3,14
6,7,15,12,18
7,5,15,6,12
8,15,7,15,14
9,8,10,9,14
10,4,1,15,7
11,10,13,14,1
12,15,14,2,9
13,16,19,3,10
14,14,9,13,19
15,16,7,5,18
16,7,9,2,8
17,6,12,9,2
18,16,9,5,6
19,1,6,14,13
