1
Grid:
20,20
.....@@@@@@@@@...@@@
@@@@.@@@.@@@@@.@.@@@
@@@@.......@...@..@@
@@@@@@.@@@...@@@@@@@
@@@@@..@@@@@.@@@@@@@
@@@@@@..@@@@.@@@@@@@
@.@@@@@.@@@......@@@
@.@@@...@@..@@@@...@
@.....@@@@@@@@@..@.@
@@@@.@@@@@@@@@@.@@@@
@@@@.@@@@@@@@.@.@@@@
@@@..@@@@@@@@...@@@@
@@@.@@@....@@@@@@@@@
..@.....@@.@@@@@@@@@
@.@@@.@@@@....@@@@@@
@.@@@.@@@@@@@@@@@@..
@...@.@@@@@@@@@@@@.@
@@@...@@@@@@@@...@.@
@@@@@.@@@@@@...@...@
@@@@@........@@@@.@@
Agents:
20
0,6,14,17,3
1,16,2,7,17
2,13,4,10,13
3,18,12,8,1
4,8,15,15,18
5,13,10,5,7
6,6,13,13,6
7,16,5,11,15
8,2,4,18,14
9,19,11,2,17
10,11,4,6,11
11,3,10,2,13
12,18,13,19,17
13,0,2,11,4
14,1,8,16,1
15,19,9,19,6
16,17,18,8,16
17,7,1,13,1
18,15,18,13,3
19,3,11,2,9
