4
Grid:
20,20
@@@@...@@@..@.@@@@@.
@....@@@......@@@@..
@.@@..@@..@@..@@@@.@
@@@@..@@.@@@.......@
.@....@...@@@@@.@@@@
.@@.@...@...@@@....@
..@@@@@.@@@..@@.@@@@
.@@...@.@...@...@@@@
.@..@...@.@@@.@@@.@@
.@.@@@.@@@@@..@@@..@
....@@..@@@..@@...@@
@@.@@.@.@@@@..@@@..@
@..@@.....@@@.@@@@.@
@..@@.@@@...@...@..@
@@.@@..@..@@@.@@@@.@
@..@@@@@@.@@........
@.@.@@.@@.@@@.@@@@.@
@@@.@.....@@@.@@@@.@
@@....@.@@.....@@@.@
....@@@@@..@..@@@@@@
Agents:
20
0,7,14,13,10
1,13,1,13,11
2,2,1,18,13
3,13,14,12,2
4,14,6,8,7
5,10,6,10,2
6,13,2,15,14
7,11,2,10,0
8,5,0,10,7
9,10,7,9,17
10,19,13,13,14
11,19,2,10,6
12,15,15,5,17
13,17,3,16,9
14,4,3,3,16
15,10,11,2,9
16,5,11,3,14
17,10,3,7,9
18,15,13,13,5
19,1,12,16,6
