7
Grid:
20,20
@@.@...........@@@@.
....@.@@@@.@@@...@@.
.@....@.@@@@.@@@@@@.
.@@@@...@.@@.@@@@@@.
@@@.@@.@@....@@@....
@@@.....@@@@...@...@
@@@.@@@......@.@@.@@
@@..@@@.@@.@..@@@..@
..@@@...@@..@...@@..
@.@@@.@@@@@.@@.@@..@
@.@@@.@..@@@...@@@.@
@.@@@@@..@@@.@.....@
...@@@@.@@...@.@.@.@
.@.@.@@..@@@.@..@@.@
.@@@.@@.@@@..@@@...@
.@.@..@...@...@..@..
.@...@.@....@..@..@.
.@@@.....@@@@.@..@..
...@.@@...@@.@@...@.
@@...@..@.....@@.@@@
Agents:
20
0,6,12,1,16
1,8,0,18,8
2,17,15,16,17
3,17,18,16,2
4,18,1,5,6
5,19,7,17,18
6,4,12,8,10
7,16,14,4,10
8,6,9,13,14
9,10,14,19,13
10,0,14,15,11
11,18,0,0,13
12,4,9,4,18
13,11,7,8,11
14,17,4,16,4
15,16,17,2,0
16,7,18,7,3
17,8,15,14,12
18,6,7,4,17
19,10,7,15,15
