5
Grid:
20,20
@@@@@@@@@@@@@@@@@...
@@@@@@@@@.@@......@.
@..@@@@@@.@@@@.@.@@.
@.@@@@@@@.@@@@.@@@@.
@...@@@.........@@@@
@.@.@@@@.@@@@@@.@@@@
@@.....@.@@@@@@..@@@
...@@@...@@@@@.@...@
@@.@@@@......@...@.@
@@.@@@@.@@@@.@@@.@@@
@@...@@.@@...@@@.@@@
@@@@@@@.@@@@.@@@.@@@
@.@@@...@@@@..@@..@@
@..@..@....@@@@@@.@@
@@.@.@@@.@.@@@.....@
......@@@@..@@@.@@@@
.@@@@.@@@@@@@@@.@@@@
.@@@@.@@@@@@@@@.@@@@
.@@@@..@@@........@.
@@@@..@@@@.@@@@@@...
Agents:
20
0,2,2,8,9
1,14,18,14,16
2,15,10,7,8
3,2,1,8,18
4,6,4,13,17
5,12,17,12,6
6,18,12,14,2
7,19,17,10,16
8,6,2,18,15
9,12,5,3,1
10,4,9,7,16
11,4,8,11,7
12,4,7,16,5
13,3,1,12,7
14,18,14,6,5
15,10,11,11,12
16,14,15,19,5
17,9,16,10,11
18,2,16,15,4
19,13,2,4,1
