4
Grid:
20,20
.@....@.@@.@.@@..@@@
.@.@@@@....@.@@@...@
.@.@@@@@.@...@@@.@.@
....@....@@@@....@..
@@@...@@@@@@@..@.@@.
@@@.@@...@@...@@.@@@
.....@@@.@...@.....@
@.@@.@@@...@.@@@..@@
..@@..@@@@@....@....
.@@.@..@.@@.@.@@@@@.
.@@...@@....@.@@@@@.
@@..@....@@.@.@...@@
@@...@.@@@@@@@..@...
...@@@.@@.@@.@.@@@.@
@@.@@........@..@@..
@...@@@.@.@@...@@..@
@.@.@@@@@..@@..@@.@@
@.@..@..@@.@@@@@..@.
..@@....@...@....@..
..@@@@...@@@@@.@...@
Agents:
20
0,12,3,13,18
1,0,16,17,19
2,7,8,18,13
3,19,8,18,4
4,1,7,0,15
5,13,9,3,3
6,6,18,19,6
7,14,11,14,8
8,5,16,8,19
9,7,17,11,16
10,15,17,3,0
11,12,17,3,8
12,14,15,2,18
13,10,5,8,5
14,18,10,2,2
15,6,15,3,5
16,11,16,5,7
17,15,18,8,0
18,19,6,11,17
19,3,5,17,3
