2
Grid:
20,20
@@@@@..@@@@@@..@@@..
.@@@@@..@@.@@.@@@@.@
.@@@@@.@@@.@...@...@
..@@@@......@@.@@@.@
.@@@@@@@@.@....@@@..
.@@@@@@@@@@@.@@@@@@.
.@@.@@@@@@@.........
....@@....@.@@..@@@@
.@@....@@@@.@@.@@@@.
@@@@@.@@@@@..@.@....
@@..@.@@@.@@.@.@@.@@
@@....@@@..@@.....@@
@@.@@@@.@@.@@.@@@@@.
@@.@@@@.......@..@@.
@@.@@@@@.@@@@@@@....
@@..@@@@..@@@@@@.@@.
@@@.@@@@@.@@@@...@@@
@.......@......@...@
@.@@@@@.@@.@.@.@@@.@
@@@@@@@....@@@.@@..@
Agents:
20
0,18,18,0,5
1,11,4,16,16
2,9,16,11,10
3,14,18,17,9
4,2,17,1,7
5,6,19,18,18
6,10,3,19,10
7,2,10,7,7
8,9,5,13,16
9,13,8,11,5
10,7,2,17,3
11,13,15,13,10
12,10,12,16,3
13,4,12,11,2
14,17,12,6,19
15,17,3,9,14
16,11,16,7,15
17,6,0,2,18
18,15,3,8,11
19,18,12,11,13
