8
Grid:
20,20
@...@@@@@@@@@....@@@
@.@.@@@@@@@@@@.@....
@.@.@@@@@.@@@@.@@@@.
@.@.......@@@@..@@..
@.@@@@@@@....@@.@@.@
@.@@@@@@@@@@....@@.@
@.@@@...@@@@@@@@...@
@.@@@@@...@@@@@@.@@@
@.@@@@@@@.@@.@@..@@@
@...@@@...@@..@.@@@@
@@@.@@@@@..@@.@....@
@@..@@@@@@.@@...@@.@
@@.@@@@....@@@.@@@@@
@...@@..@.@@...@@@@@
@.@.@@.@@@@@.@@@@..@
@.@.@@.@@@@@.@@@@@.@
@.@........@..@....@
@..@@@.@@@.@@...@@@@
@@@@@@.@@@.@@@@....@
@@@@@@@@@@.@@@@@@@@@
Agents:
20
0,9,1,4,12
1,4,9,10,18
2,10,13,6,16
3,17,6,2,19
4,14,12,3,9
5,0,14,12,14
6,1,18,5,12
7,14,3,2,9
8,8,15,9,8
9,13,1,11,13
10,4,1,4,18
11,8,1,15,6
12,0,15,17,2
13,5,14,6,5
14,18,15,16,10
15,1,14,6,18
16,17,1,9,13
17,11,3,6,7
18,10,18,18,6
19,8,9,3,8
