0
Grid:
20,20
@@@@@@@@@@@@@@@@..@@
@...@.........@@.@@@
@@@..@@@.@@@@.@@...@
@@@....@....@@..@..@
@.@.@@.@.@@....@@@..
@.@.@@.@..@.@@...@@.
..@.@@.@@..@...@..@.
.@@.@@.@@.@..@..@@..
....@@.@..@@.@@@@..@
.@@@@@...@@@..@@..@@
.@@@@@@.@@@@@.@@.@@@
@@..@@@.@@@@..@@..@@
@@......@..@.@@@.@@@
@@@@@@.@@@.......@@@
@...@@.@...@..@.@...
@@@....@..@@@@@...@@
@@@@@.@@.@@@@@.@@...
......@@@@@@@@....@.
.@@@..@@@@.@...@.@@.
.@@@@...@@...@@@@@..
Agents:
20
0,2,18,5,6
1,7,18,15,16
2,14,9,14,13
3,14,17,18,13
4,15,17,17,5
5,17,3,9,13
6,12,2,10,0
7,16,18,12,7
8,4,3,17,4
9,16,8,11,16
10,17,2,13,10
11,15,4,6,13
12,6,19,15,15
13,11,2,9,6
14,19,10,13,11
15,11,17,7,18
16,7,19,1,5
17,5,9,4,3
18,18,13,11,12
19,2,16,4,14
