6
Grid:
20,20
@@@@@@@........@@@@@
@@@@@@@@@@.@@@.@@@@@
@@.@@@@@@@.@@.....@@
@@...@@@@..@@@.@@.@@
@@@@......@@@@.@@.@@
@@@@@@@@@.@@@..@@..@
@@@@@@@@@@@@@.@@@@@@
@@@@..@@@@@@@.@@@@@@
.....@@@@@@@@..@@...
@@@@...@@@@@@@.@@.@@
@@@@@@....@@@@....@@
@@@@@@.@@.@@@@@.@.@@
@@@@@@..@....@..@.@@
.@@@@@@.@@@@@@.@@.@@
..@@@@.........@@@@@
@.@@...@@@@@@@.@@@@@
@.@@.@@@@@@@@@.@@@@@
.....@@@@@@@@...@..@
.@@@@@@@@@@...@...@@
@@@@@@@@@...@@@@@@@@
Agents:
20
0,14,1,10,7
1,16,1,17,14
2,10,16,18,11
3,2,16,3,14
4,13,14,3,4
5,16,14,19,9
6,4,7,14,11
7,8,18,5,18
8,12,15,9,4
9,8,17,10,14
10,13,0,9,17
11,2,2,7,4
12,15,5,8,18
13,8,3,4,5
14,19,10,8,17
15,0,7,10,17
16,19,9,12,10
17,14,7,18,15
18,17,0,5,14
19,12,6,10,15
