7
Grid:
20,20
@@@@@@@@@@@....@@@@@
@...........@@.@@@@.
@.@@@.@.@@@@@@..@@@.
@.@@@@@.@@@@@@@.@@..
..@@@@...@@@@@....@.
@@@@...@..@@@@.@@...
@@@..@..@@@@...@.@@@
@@@.@@@.@@@@.@@@.@@@
@@@.@@@.@@@...@@.@@@
@@@.@@@@@@@@@....@@@
.@@.@@@@@@@@..@@.@@@
.@@.@@.@...@@@@@...@
.@@.@@.@.@.@@@...@.@
.......@.@@@@@@@@@.@
@.@@@@...@@...@@@@.@
@.@@@@@@....@@@@.@.@
@..@@@@@..@@.@@@.@.@
@@.@@@@@@.@@.@...@.@
@@.@@@@@@.@@...@...@
@@.@@@@@@@@@@@@@@@@@
Agents:
20
0,4,19,5,4
1,14,8,15,1
2,13,1,1,4
3,13,3,1,10
4,11,16,16,16
5,1,9,13,8
6,8,3,9,3
7,6,7,15,16
8,0,11,4,7
9,12,0,19,2
10,1,3,11,10
11,18,2,3,7
12,1,14,0,12
13,18,17,1,14
14,14,11,18,17
15,13,8,12,3
16,1,19,12,15
17,3,18,1,8
18,11,0,3,18
19,2,1,18,9
