3
Grid:
20,20
.@@@@.@..@@.@@....@@
.@@@@.@@....@@.@@@@@
......@@@@@.@@.@@.@.
@@.@.@@@@@@....@....
@..@.@@@....@@...@.@
..@@@@..@.@@@..@.@.@
@...@......@@@@.@@.@
@.....@.@@.@@@@..@@@
@.@.@@@...@@@..@..@@
@@@..@@.@@@...@@@.@@
@@@@@@@...........@@
@.....@@..@@@.@@@@..
@.@@@.@@@...@......@
@.@@@@....@.@@@@..@@
@.......@@@@@@@@.@@@
@@@.@@@@...@@....@@@
@...@@@@.@.@@.@@...@
@@.@@@...@@@@.@@@@.@
@@...@@.@@@@@.....@@
@@.@......@@@@.@@@@@
Agents:
20
0,16,2,18,3
1,16,3,13,6
2,4,16,7,3
3,19,14,0,5
4,15,3,6,2
5,6,9,4,9
6,9,7,8,13
7,14,1,6,1
8,6,3,3,19
9,15,16,17,13
10,14,16,14,2
11,2,17,11,2
12,12,9,0,15
13,7,5,2,11
14,4,10,12,17
15,15,10,7,10
16,3,4,15,14
17,10,8,16,18
18,6,8,16,17
19,15,8,12,9
