0
Grid:
20,20
@@@@@@...@@.@@@@..@@
@@...@@@.@..@@...@@@
...@.....@.@@@.@@@@.
@.@@@@.@.@.@@@.@@...
...@@@.@........@.@@
@@.@@@@@@@@@.@@...@@
@@@@@@@@@....@@@....
@@@@@@@...@@@@@@@..@
@..@@@.@@...@.@@@@..
@.@@@..@..@...@@@@.@
@.@@..@..@@.@@@@@@.@
@....@@.@@...@@@...@
@@.@....@@@@@@@@.@.@
...@@@@@@@@@@@@@@@.@
.@..@@@@@.@@@.@@@@.@
.@@...@@@..@@.@@@..@
.@@@@.@@@@....@....@
.@.@@@@@@@@.@...@@..
....@@@@@@@.@.@@@@@.
@@@....@....@@@@@@@@
Agents:
20
0,4,17,2,0
1,17,13,9,6
2,2,8,3,18
3,4,13,4,1
4,16,11,0,11
5,9,1,11,2
6,4,8,6,19
7,13,1,0,7
8,12,4,16,11
9,0,17,16,18
10,0,7,2,7
11,15,13,19,8
12,2,5,16,0
13,9,13,4,15
14,12,2,18,11
15,18,2,12,4
16,18,0,7,9
17,16,15,1,2
18,2,14,1,16
19,18,11,4,8
