4
Grid:
20,20
...@@@@@@@@@@@.....@
.@.@@....@@....@.@.@
@@.@@.@@.@@@@@.@@@..
@@....@@.@@@@@...@@@
@@@@...@.@@@@@.@..@@
@.@@.@.@..@@@@.@@...
@..@.@.@@.@@@@..@@@@
@@.@@@.@@.@..@@..@@@
@...@@@@@...@@@.@@@@
@.@...@@@@.@@@@..@@@
@.@@@.@@.....@@@....
@.@@@....@.@..@@..@.
..@@@.@.@@.@@....@@.
.@@@@@@.@@.@@@@.@@@@
....@@@..@...@@..@@@
@.@@@@....@@.@@@.@@@
@.@@@@@.@@...@.@.@..
@....@@.@@@@@@.....@
@.@@@@@..@@@@..@@@@@
@..@@@@@.@@@@@.@@@@@
Agents:
20
0,17,16,11,19
1,16,16,13,10
2,16,10,6,15
3,7,9,15,8
4,11,7,16,11
5,14,3,5,4
6,16,19,8,9
7,7,15,6,9
8,4,5,17,2
9,18,13,5,18
10,18,14,17,15
11,16,18,12,13
12,1,13,16,16
13,15,1,1,16
14,14,12,10,5
15,11,19,11,1
16,10,16,7,12
17,15,9,3,15
18,3,8,16,18
19,10,17,9,16
