7
Grid:
20,20
......@@@@@@@@@@@@.@
.@.@@..@.........@..
@@.@@@@@.@@@@@.@...@
@..@@@@@.@@.@@.@@.@@
@.@@@@...@@....@@..@
@.@.@@.@@@@@.@..@@@@
@...@@....@@.@..@@@@
..@@@@@.@..@@@@.@@@@
@.@@@@..@@@@@@@.@...
@.@@@..@@@@@@@@...@.
@.@@..@@.@@@@..@@@@.
@.@@@.......@@.@@@@@
@.@@@@@@@@@.@..@@@@@
@.@@....@@@...@@@.@@
@....@@..@@.......@@
@.@.@@@@....@@@@@...
..@...@@@.@@@@@@@@.@
.@@.@...@..@@@@@@@.@
.@@.@@@@@@.@@...@@.@
@@..@@@@@@.@@@@....@
Agents:
20
0,6,1,7,7
1,11,9,8,15
2,14,12,4,12
3,0,4,19,18
4,11,7,5,1
5,15,11,5,12
6,7,15,12,14
7,19,3,19,10
8,11,8,4,1
9,4,14,1,14
10,1,0,9,19
11,15,3,18,3
12,14,15,2,18
13,2,17,1,12
14,10,5,14,13
15,16,1,18,14
16,1,9,7,0
17,19,18,14,15
18,17,6,5,6
19,6,6,14,2
