5
Grid:
20,20
@@@@@@@@...@@@@@...@
.@@@@@@..@@@@@@@.@@@
.@@@@@@.@@@@@@@@.@@@
.@@@....@@@@@@@..@@@
...@.@@.@@@@@...@@@@
@@.@.@@.@@@@..@..@@@
@....@@..@@@.@@@@@@@
@.@@@@@@..@@.@@@@@@@
@.@@@@@@@....@@@@@@@
@.@@@@@..@@@....@@@@
@..@@@@@.@@@@@@.@@@@
@@.@@....@@@@@@.@@@.
@@....@.@@@@@@@@@@@.
@..@@@@.@@@@@@@@@@@.
..@@@......@.@..@@@.
.@@@@.@@@@...@@.@...
@@@@..@@@@@.@@....@@
@@@@.@@...@....@@@@@
@@@@....@.@@@@@@@@@@
@@@@@@@@@@@@@@@@@@@@
Agents:
20
0,10,2,14,15
1,14,5,14,19
2,18,6,14,14
3,14,10,8,11
4,4,14,12,7
5,7,12,16,5
6,5,16,14,0
7,11,15,17,9
8,8,10,0,10
9,11,5,18,7
10,3,4,4,0
11,12,3,18,5
12,17,9,5,7
13,14,1,10,1
14,18,9,4,1
15,12,19,6,1
16,1,16,8,10
17,12,5,4,7
18,16,16,7,8
19,14,6,11,5
