1
Grid:
20,20
@@@@........@@@@@@@@
@.@@.@@@@.@@@@...@@@
@...@@.....@.@@@....
@.@....@@.@@.@@@.@@@
@.@@@@@@@..@......@@
@@@@@@@@@@..@@.@.@@@
@@@@@@@@.@@....@.@@.
@@@@@@@..@@.@@@@.@@.
@...@@@.@@@...@@.@@.
..@@@...@.@@@@@@....
.@@@@@......@@@@@.@.
....@@.@.@@.@@@@@.@@
@.@@@@.@@@@....@@.@@
@.@@@@@@@@@@.@....@.
..@@@@@@@....@@@@...
@....@@...@@@@.@@@@@
@.@@....@.@@@..@@@@@
@@...@@@@.@@@.@@.@@@
@@.@..@@@...........
@..@@@@...@@@@@@@@@@
Agents:
20
0,15,7,14,18
1,17,2,4,16
2,16,1,10,8
3,7,19,2,2
4,7,8,3,5
5,8,1,16,13
6,3,9,2,7
7,17,13,11,0
8,15,2,15,8
9,16,7,4,12
10,7,11,18,19
11,11,1,6,11
12,9,19,17,3
13,6,13,18,12
14,0,10,2,9
15,14,9,11,8
16,19,2,18,10
17,7,7,1,1
18,13,15,6,16
19,19,9,0,9
