3
Grid:
20,20
@@@@@@@@@@@@@@@....@
@@@@@@@@@@@@@@@.@@.@
@@......@@@@@.@@@..@
@@.@.@@.@@@@@.@@@@..
@@.@...@@.......@@@.
@@.@.@....@.@@@.....
.@@@.@@@@@..@@@@.@.@
.@@@.@@@@@@.@@.@.@..
.....@@...@..@...@@.
@.@@....@.@@@@@@@@@.
..@@@.@@@.@@@@@@@...
.@@@@..@@@@@..@@..@@
...@@@.@@@@@.@@..@@@
@.@@@@.......@@.....
@@@@@@.@@@@@@@@.@@@.
@@@@@@.@@@@@@@@.@@..
@@@@@@.@@@@@@@@@@..@
@@@@......@@@@@@@.@@
@@@..@@@@...@@....@@
@@@@@@@@@@@@@@.@@@@@
Agents:
20
0,16,17,8,2
1,8,4,4,5
2,15,15,10,0
3,2,2,11,5
4,8,8,13,15
5,12,0,12,12
6,17,17,9,7
7,4,11,8,16
8,13,6,12,6
9,18,10,5,18
10,17,6,1,18
11,4,14,9,4
12,2,13,2,2
13,8,3,4,12
14,10,5,7,0
15,7,0,9,6
16,16,18,4,2
17,3,4,18,10
18,8,15,15,18
19,7,14,5,7
